iid	tag
0	1
1	0
2	0
3	0
4	0
5	3
6	0
7	0
8	0
9	0
10	1
11	0
12	3
13	3
14	0
15	0
16	0
17	0
18	1
19	1
20	1
21	3
22	7
23	1
24	0
25	0
26	7
27	0
28	1
29	2
30	0
31	0
32	3
33	0
34	5
35	1
36	3
37	0
38	4
39	0
40	0
41	4
42	4
43	0
44	0
45	3
46	3
47	3
48	0
49	0
50	1
51	3
52	0
53	7
54	0
55	3
56	7
57	0
58	0
59	0
60	0
61	0
62	7
63	0
64	1
65	1
66	3
67	3
68	0
69	0
70	3
71	3
72	5
73	1
74	0
75	3
76	0
77	1
78	1
79	2
80	1
81	2
82	0
83	1
84	0
85	0
86	0
87	0
88	10
89	0
90	0
91	0
92	0
93	0
94	0
95	0
96	0
97	0
98	0
99	0
100	0
101	0
102	1
103	0
104	0
105	11
106	0
107	0
108	0
109	0
110	0
111	0
112	0
113	0
114	0
115	9
116	0
117	5
118	0
119	3
120	0
121	0
122	0
123	0
124	0
125	0
126	3
127	0
128	3
129	3
130	3
131	0
132	0
133	0
134	0
135	0
136	0
137	0
138	7
139	2
140	0
141	7
142	3
143	3
144	3
145	0
146	0
147	1
148	11
149	1
150	0
151	0
152	3
153	9
154	3
155	5
156	11
157	5
158	5
159	5
160	5
161	0
162	7
163	3
164	7
165	1
166	5
167	0
168	0
169	0
170	0
171	0
172	5
173	0
174	5
175	5
176	1
177	0
178	0
179	7
180	1
181	5
182	7
183	13
184	7
185	5
186	5
187	0
188	9
189	9
190	9
191	9
192	9
193	9
194	9
195	7
196	9
197	11
198	10
199	13
200	7
201	7
202	9
203	7
204	5
205	3
206	14
207	13
208	9
209	9
210	13
211	16
212	13
213	1
214	3
215	0
216	0
217	0
218	0
219	3
220	3
221	0
222	0
223	0
224	0
225	0
226	0
227	0
228	0
229	0
230	0
231	7
232	0
233	7
234	7
235	7
236	5
237	7
238	2
239	2
240	5
241	17
242	8
243	2
244	2
245	9
246	3
247	3
248	5
249	5
250	16
251	2
252	17
253	16
254	22
255	22
256	14
257	2
258	22
259	2
260	5
261	0
262	0
263	0
264	0
265	0
266	23
267	0
268	0
269	0
270	0
271	0
272	0
273	0
274	0
275	0
276	5
277	11
278	22
279	22
280	22
281	11
282	22
283	22
284	16
285	5
286	5
287	5
288	10
289	9
290	5
291	9
292	5
293	5
294	8
295	4
296	2
297	5
298	11
299	7
300	3
301	3
302	3
303	18
304	17
305	18
306	5
307	5
308	23
309	7
310	18
311	2
312	8
313	8
314	8
315	2
316	2
317	16
318	4
319	2
320	6
321	8
322	2
323	5
324	16
325	8
326	11
327	4
328	2
329	2
330	16
331	2
332	2
333	11
334	2
335	2
336	21
337	5
338	13
339	8
340	5
341	2
342	24
343	2
344	22
345	13
346	8
347	23
348	4
349	6
350	9
351	11
352	9
353	9
354	4
355	9
356	0
357	3
358	4
359	3
360	9
361	3
362	22
363	3
364	9
365	3
366	5
367	0
368	18
369	3
370	3
371	0
372	0
373	0
374	0
375	0
376	0
377	0
378	0
379	1
380	0
381	0
382	11
383	3
384	3
385	5
386	0
387	3
388	0
389	0
390	0
391	5
392	0
393	0
394	0
395	2
396	1
397	9
398	9
399	22
400	7
401	2
402	8
403	9
404	13
405	2
406	14
407	9
408	9
409	2
410	2
411	9
412	2
413	16
414	22
415	11
416	5
417	23
418	5
419	1
420	1
421	5
422	1
423	22
424	22
425	1
426	5
427	13
428	5
429	1
430	2
431	10
432	22
433	9
434	11
435	1
436	1
437	5
438	2
439	9
440	2
441	22
442	9
443	1
444	8
445	16
446	22
447	5
448	1
449	11
450	22
451	5
452	11
453	22
454	5
455	23
456	2
457	22
458	5
459	5
460	9
461	5
462	22
463	22
464	11
465	4
466	1
467	22
468	22
469	2
470	8
471	2
472	13
473	0
474	16
475	0
476	2
477	13
478	0
479	17
480	23
481	16
482	23
483	0
484	8
485	5
486	0
487	5
488	5
489	2
490	5
491	5
492	0
493	0
494	16
495	18
496	2
497	0
498	23
499	5
500	1
501	13
502	2
503	2
504	13
505	0
506	2
507	23
508	2
509	26
510	10
511	2
512	13
513	5
514	1
515	0
516	0
517	5
518	1
519	9
520	5
521	2
522	5
523	5
524	2
525	11
526	5
527	11
528	9
529	10
530	5
531	10
532	10
533	5
534	5
535	11
536	10
537	2
538	10
539	23
540	5
541	23
542	0
543	10
544	10
545	10
546	10
547	13
548	10
549	5
550	13
551	2
552	5
553	2
554	5
555	5
556	5
557	11
558	2
559	5
560	2
561	5
562	11
563	2
564	7
565	2
566	7
567	23
568	5
569	22
570	10
571	10
572	5
573	5
574	5
575	5
576	5
577	13
578	4
579	8
580	5
581	5
582	5
583	2
584	11
585	13
586	5
587	1
588	7
589	1
590	1
591	7
592	11
593	7
594	7
595	5
596	13
597	13
598	5
599	7
600	5
601	5
602	22
603	4
604	11
605	13
606	5
607	22
608	11
609	11
610	7
611	11
612	10
613	7
614	7
615	11
616	5
617	11
618	7
619	7
620	11
621	11
622	11
623	7
624	7
625	5
626	5
627	11
628	11
629	11
630	11
631	18
632	2
633	11
634	11
635	11
636	11
637	5
638	5
639	11
640	13
641	9
642	12
643	5
644	5
645	5
646	5
647	5
648	11
649	11
650	5
651	23
652	2
653	2
654	2
655	7
656	5
657	10
658	11
659	10
660	5
661	5
662	5
663	5
664	14
665	11
666	5
667	2
668	5
669	22
670	7
671	7
672	5
673	2
674	2
675	2
676	23
677	2
678	11
679	5
680	5
681	11
682	5
683	23
684	7
685	2
686	10
687	23
688	5
689	11
690	11
691	11
692	5
693	11
694	5
695	11
696	11
697	10
698	11
699	10
700	5
701	5
702	0
703	0
704	5
705	5
706	2
707	5
708	9
709	10
710	5
711	11
712	5
713	5
714	5
715	5
716	5
717	5
718	22
719	8
720	5
721	5
722	5
723	5
724	5
725	5
726	3
727	3
728	3
729	5
730	0
731	27
732	5
733	5
734	23
735	23
736	23
737	2
738	2
739	5
740	5
741	5
742	5
743	11
744	11
745	1
746	1
747	2
748	3
749	5
750	3
751	2
752	2
753	2
754	11
755	11
756	17
757	13
758	0
759	22
760	0
761	0
762	15
763	0
764	0
765	1
766	7
767	0
768	0
769	0
770	0
771	2
772	0
773	0
774	0
775	0
776	23
777	27
778	0
779	0
780	4
781	11
782	21
783	4
784	0
785	10
786	4
787	0
788	4
789	9
790	1
791	20
792	11
793	1
794	2
795	18
796	2
797	12
798	9
799	2
800	23
801	4
802	2
803	2
804	4
805	2
806	2
807	2
808	23
809	5
810	2
811	2
812	2
813	2
814	1
815	2
816	4
817	23
818	5
819	2
820	2
821	2
822	23
823	2
824	2
825	4
826	1
827	1
828	11
829	2
830	23
831	11
832	5
833	16
834	2
835	2
836	2
837	2
838	17
839	23
840	11
841	2
842	2
843	2
844	4
845	2
846	2
847	11
848	2
849	4
850	22
851	2
852	2
853	2
854	2
855	2
856	2
857	2
858	1
859	1
860	1
861	0
862	9
863	0
864	18
865	9
866	5
867	5
868	1
869	9
870	5
871	9
872	9
873	9
874	20
875	0
876	9
877	4
878	0
879	9
880	9
881	9
882	9
883	9
884	7
885	9
886	9
887	0
888	0
889	9
890	27
891	9
892	9
893	4
894	9
895	9
896	9
897	7
898	0
899	0
900	10
901	9
902	10
903	0
904	7
905	9
906	27
907	9
908	9
909	9
910	9
911	9
912	18
913	20
914	18
915	9
916	9
917	27
918	9
919	11
920	27
921	9
922	9
923	9
924	9
925	9
926	9
927	9
928	9
929	9
930	11
931	9
932	0
933	9
934	17
935	9
936	0
937	9
938	9
939	23
940	9
941	27
942	12
943	27
944	17
945	11
946	27
947	15
948	8
949	2
950	2
951	2
952	2
953	2
954	13
955	5
956	2
957	17
958	8
959	5
960	2
961	8
962	2
963	2
964	8
965	5
966	22
967	2
968	5
969	5
970	13
971	22
972	2
973	8
974	22
975	20
976	5
977	2
978	22
979	6
980	15
981	9
982	2
983	2
984	22
985	16
986	2
987	2
988	22
989	2
990	5
991	5
992	5
993	5
994	5
995	22
996	0
997	5
998	13
999	2
1000	16
1001	5
1002	2
1003	2
1004	5
1005	5
1006	2
1007	2
1008	2
1009	2
1010	13
1011	5
1012	5
1013	5
1014	1
1015	2
1016	5
1017	5
1018	7
1019	5
1020	9
1021	7
1022	2
1023	2
1024	5
1025	22
1026	5
1027	5
1028	5
1029	2
1030	5
1031	5
1032	5
1033	22
1034	22
1035	5
1036	22
1037	2
1038	8
1039	1
1040	2
1041	5
1042	5
1043	11
1044	5
1045	4
1046	22
1047	22
1048	22
1049	5
1050	5
1051	11
1052	23
1053	5
1054	0
1055	22
1056	2
1057	2
1058	27
1059	7
1060	2
1061	2
1062	7
1063	18
1064	5
1065	5
1066	0
1067	1
1068	1
1069	1
1070	1
1071	2
1072	2
1073	0
1074	22
1075	22
1076	22
1077	1
1078	22
1079	1
1080	2
1081	22
1082	2
1083	5
1084	2
1085	5
1086	8
1087	20
1088	9
1089	5
1090	5
1091	1
1092	5
1093	5
1094	1
1095	9
1096	8
1097	5
1098	1
1099	1
1100	2
1101	5
1102	16
1103	8
1104	5
1105	2
1106	5
1107	8
1108	7
1109	16
1110	5
1111	2
1112	5
1113	2
1114	10
1115	5
1116	2
1117	2
1118	5
1119	15
1120	17
1121	5
1122	7
1123	5
1124	0
1125	7
1126	11
1127	1
1128	2
1129	2
1130	2
1131	2
1132	2
1133	27
1134	2
1135	2
1136	2
1137	2
1138	2
1139	2
1140	2
1141	2
1142	2
1143	2
1144	2
1145	2
1146	2
1147	2
1148	2
1149	2
1150	11
1151	2
1152	5
1153	9
1154	11
1155	17
1156	2
1157	2
1158	7
1159	10
1160	2
1161	17
1162	2
1163	13
1164	5
1165	9
1166	5
1167	23
1168	2
1169	0
1170	9
1171	9
1172	9
1173	0
1174	23
1175	1
1176	7
1177	9
1178	0
1179	4
1180	0
1181	0
1182	21
1183	0
1184	0
1185	17
1186	1
1187	0
1188	11
1189	23
1190	11
1191	23
1192	0
1193	16
1194	22
1195	13
1196	0
1197	0
1198	11
1199	0
1200	4
1201	11
1202	10
1203	5
1204	4
1205	2
1206	10
1207	8
1208	5
1209	11
1210	11
1211	4
1212	14
1213	4
1214	2
1215	4
1216	11
1217	5
1218	4
1219	2
1220	8
1221	2
1222	5
1223	8
1224	2
1225	5
1226	7
1227	27
1228	0
1229	9
1230	2
1231	9
1232	27
1233	9
1234	17
1235	9
1236	23
1237	0
1238	0
1239	17
1240	14
1241	9
1242	0
1243	0
1244	11
1245	22
1246	0
1247	0
1248	0
1249	11
1250	27
1251	27
1252	10
1253	0
1254	17
1255	2
1256	2
1257	2
1258	8
1259	2
1260	23
1261	17
1262	2
1263	10
1264	9
1265	5
1266	16
1267	2
1268	5
1269	13
1270	21
1271	5
1272	5
1273	5
1274	16
1275	2
1276	5
1277	13
1278	2
1279	2
1280	5
1281	5
1282	5
1283	2
1284	5
1285	5
1286	5
1287	5
1288	5
1289	2
1290	5
1291	5
1292	5
1293	13
1294	5
1295	5
1296	2
1297	5
1298	16
1299	2
1300	5
1301	5
1302	5
1303	5
1304	2
1305	13
1306	5
1307	5
1308	10
1309	2
1310	2
1311	2
1312	13
1313	7
1314	10
1315	10
1316	22
1317	2
1318	5
1319	10
1320	5
1321	2
1322	13
1323	5
1324	22
1325	5
1326	5
1327	4
1328	5
1329	5
1330	5
1331	5
1332	9
1333	23
1334	23
1335	17
1336	3
1337	0
1338	11
1339	0
1340	2
1341	17
1342	9
1343	0
1344	0
1345	5
1346	9
1347	9
1348	9
1349	9
1350	4
1351	4
1352	9
1353	9
1354	5
1355	22
1356	23
1357	7
1358	5
1359	13
1360	22
1361	9
1362	23
1363	9
1364	9
1365	9
1366	9
1367	5
1368	11
1369	12
1370	20
1371	17
1372	17
1373	17
1374	20
1375	0
1376	18
1377	0
1378	10
1379	0
1380	9
1381	20
1382	1
1383	7
1384	5
1385	7
1386	2
1387	0
1388	3
1389	5
1390	18
1391	0
1392	0
1393	22
1394	0
1395	0
1396	22
1397	13
1398	0
1399	0
1400	0
1401	0
1402	0
1403	0
1404	0
1405	0
1406	0
1407	5
1408	0
1409	0
1410	5
1411	11
1412	0
1413	5
1414	5
1415	9
1416	0
1417	0
1418	0
1419	0
1420	0
1421	0
1422	22
1423	5
1424	11
1425	23
1426	4
1427	1
1428	4
1429	13
1430	0
1431	5
1432	9
1433	9
1434	7
1435	13
1436	5
1437	16
1438	5
1439	2
1440	1
1441	15
1442	0
1443	0
1444	0
1445	0
1446	0
1447	0
1448	0
1449	0
1450	0
1451	0
1452	0
1453	0
1454	0
1455	0
1456	0
1457	0
1458	0
1459	0
1460	0
1461	0
1462	0
1463	0
1464	0
1465	0
1466	0
1467	0
1468	0
1469	0
1470	0
1471	0
1472	0
1473	0
1474	0
1475	0
1476	3
1477	0
1478	9
1479	0
1480	0
1481	0
1482	0
1483	0
1484	0
1485	0
1486	0
1487	0
1488	0
1489	0
1490	17
1491	0
1492	18
1493	0
1494	2
1495	2
1496	2
1497	2
1498	4
1499	9
1500	9
1501	9
1502	9
1503	9
1504	8
1505	8
1506	2
1507	26
1508	16
1509	5
1510	22
1511	20
1512	13
1513	20
1514	2
1515	17
1516	20
1517	2
1518	2
1519	8
1520	8
1521	2
1522	1
1523	5
1524	11
1525	22
1526	5
1527	5
1528	5
1529	13
1530	1
1531	8
1532	2
1533	2
1534	5
1535	16
1536	2
1537	5
1538	0
1539	5
1540	2
1541	8
1542	13
1543	8
1544	11
1545	5
1546	16
1547	23
1548	5
1549	14
1550	5
1551	13
1552	11
1553	11
1554	5
1555	2
1556	2
1557	9
1558	11
1559	5
1560	11
1561	11
1562	0
1563	2
1564	5
1565	5
1566	5
1567	8
1568	27
1569	2
1570	14
1571	2
1572	10
1573	8
1574	11
1575	5
1576	13
1577	13
1578	13
1579	1
1580	8
1581	5
1582	13
1583	8
1584	8
1585	13
1586	5
1587	8
1588	13
1589	5
1590	13
1591	13
1592	5
1593	23
1594	5
1595	8
1596	13
1597	9
1598	13
1599	9
1600	1
1601	5
1602	3
1603	0
1604	1
1605	4
1606	1
1607	1
1608	9
1609	23
1610	23
1611	1
1612	1
1613	1
1614	1
1615	17
1616	0
1617	0
1618	5
1619	9
1620	9
1621	9
1622	9
1623	8
1624	23
1625	5
1626	0
1627	22
1628	0
1629	1
1630	4
1631	4
1632	9
1633	0
1634	22
1635	22
1636	18
1637	21
1638	0
1639	22
1640	1
1641	1
1642	0
1643	0
1644	0
1645	0
1646	0
1647	9
1648	2
1649	0
1650	11
1651	9
1652	9
1653	9
1654	8
1655	0
1656	9
1657	1
1658	5
1659	2
1660	1
1661	5
1662	3
1663	5
1664	3
1665	2
1666	2
1667	2
1668	2
1669	2
1670	9
1671	2
1672	2
1673	2
1674	2
1675	2
1676	2
1677	2
1678	2
1679	2
1680	2
1681	2
1682	2
1683	2
1684	2
1685	2
1686	2
1687	2
1688	2
1689	2
1690	8
1691	5
1692	2
1693	11
1694	13
1695	11
1696	5
1697	5
1698	8
1699	2
1700	22
1701	13
1702	13
1703	23
1704	15
1705	23
1706	5
1707	15
1708	13
1709	0
1710	17
1711	27
1712	0
1713	1
1714	0
1715	5
1716	2
1717	2
1718	9
1719	2
1720	8
1721	5
1722	5
1723	2
1724	16
1725	11
1726	21
1727	21
1728	0
1729	0
1730	0
1731	4
1732	4
1733	4
1734	0
1735	9
1736	9
1737	4
1738	4
1739	13
1740	0
1741	1
1742	0
1743	3
1744	3
1745	0
1746	4
1747	5
1748	24
1749	10
1750	22
1751	22
1752	11
1753	2
1754	2
1755	0
1756	2
1757	22
1758	22
1759	20
1760	0
1761	0
1762	23
1763	2
1764	5
1765	0
1766	2
1767	7
1768	2
1769	5
1770	22
1771	5
1772	2
1773	1
1774	7
1775	5
1776	7
1777	2
1778	5
1779	5
1780	7
1781	22
1782	23
1783	13
1784	11
1785	9
1786	2
1787	5
1788	1
1789	7
1790	2
1791	5
1792	9
1793	0
1794	9
1795	0
1796	5
1797	9
1798	7
1799	1
1800	7
1801	5
1802	5
1803	12
1804	5
1805	13
1806	0
1807	5
1808	7
1809	9
1810	0
1811	4
1812	5
1813	9
1814	4
1815	5
1816	5
1817	5
1818	5
1819	5
1820	0
1821	5
1822	5
1823	5
1824	5
1825	0
1826	5
1827	0
1828	0
1829	5
1830	0
1831	0
1832	5
1833	5
1834	5
1835	5
1836	5
1837	2
1838	5
1839	5
1840	0
1841	5
1842	5
1843	5
1844	5
1845	9
1846	1
1847	5
1848	5
1849	9
1850	5
1851	5
1852	5
1853	5
1854	0
1855	4
1856	9
1857	9
1858	9
1859	0
1860	9
1861	9
1862	0
1863	0
1864	17
1865	5
1866	0
1867	0
1868	0
1869	0
1870	3
1871	17
1872	0
1873	2
1874	2
1875	4
1876	5
1877	23
1878	10
1879	2
1880	5
1881	5
1882	2
1883	4
1884	10
1885	2
1886	3
1887	2
1888	2
1889	2
1890	2
1891	2
1892	2
1893	16
1894	2
1895	2
1896	9
1897	11
1898	5
1899	5
1900	13
1901	11
1902	1
1903	0
1904	2
1905	2
1906	0
1907	0
1908	0
1909	22
1910	23
1911	0
1912	0
1913	0
1914	0
1915	0
1916	0
1917	0
1918	0
1919	0
1920	0
1921	0
1922	4
1923	4
1924	1
1925	23
1926	23
1927	0
1928	1
1929	2
1930	23
1931	17
1932	23
1933	23
1934	23
1935	3
1936	0
1937	23
1938	23
1939	5
1940	9
1941	17
1942	23
1943	5
1944	23
1945	11
1946	0
1947	0
1948	0
1949	0
1950	0
1951	0
1952	0
1953	0
1954	0
1955	10
1956	17
1957	0
1958	0
1959	0
1960	1
1961	10
1962	2
1963	8
1964	5
1965	0
1966	13
1967	0
1968	0
1969	0
1970	0
1971	0
1972	0
1973	0
1974	0
1975	7
1976	7
1977	2
1978	7
1979	5
1980	0
1981	5
1982	8
1983	13
1984	5
1985	0
1986	0
1987	13
1988	2
1989	13
1990	13
1991	0
1992	0
1993	20
1994	10
1995	8
1996	3
1997	5
1998	2
1999	5
2000	2
2001	1
2002	27
2003	5
2004	13
2005	7
2006	11
2007	9
2008	27
2009	5
2010	13
2011	4
2012	5
2013	0
2014	5
2015	5
2016	16
2017	16
2018	27
2019	11
2020	5
2021	8
2022	5
2023	0
2024	13
2025	0
2026	4
2027	9
2028	5
2029	13
2030	0
2031	10
2032	1
2033	4
2034	10
2035	11
2036	23
2037	1
2038	2
2039	11
2040	5
2041	5
2042	2
2043	2
2044	2
2045	11
2046	5
2047	7
2048	11
2049	17
2050	2
2051	8
2052	8
2053	2
2054	0
2055	2
2056	14
2057	0
2058	14
2059	0
2060	23
2061	5
2062	0
2063	5
2064	0
2065	0
2066	0
2067	0
2068	0
2069	0
2070	0
2071	0
2072	0
2073	0
2074	2
2075	0
2076	0
2077	0
2078	0
2079	0
2080	0
2081	0
2082	0
2083	0
2084	0
2085	0
2086	0
2087	0
2088	0
2089	0
2090	0
2091	0
2092	0
2093	0
2094	0
2095	0
2096	2
2097	0
2098	0
2099	0
2100	0
2101	0
2102	0
2103	0
2104	0
2105	0
2106	0
2107	0
2108	13
2109	0
2110	0
2111	0
2112	0
2113	0
2114	0
2115	0
2116	0
2117	0
2118	0
2119	1
2120	0
2121	0
2122	2
2123	0
2124	0
2125	0
2126	0
2127	0
2128	0
2129	0
2130	0
2131	0
2132	0
2133	0
2134	0
2135	0
2136	0
2137	0
2138	0
2139	0
2140	0
2141	0
2142	0
2143	0
2144	2
2145	0
2146	0
2147	0
2148	0
2149	0
2150	0
2151	0
2152	0
2153	0
2154	0
2155	0
2156	0
2157	0
2158	0
2159	0
2160	4
2161	0
2162	0
2163	0
2164	0
2165	0
2166	0
2167	0
2168	0
2169	0
2170	0
2171	0
2172	0
2173	0
2174	0
2175	0
2176	0
2177	0
2178	0
2179	0
2180	0
2181	0
2182	0
2183	0
2184	0
2185	0
2186	0
2187	0
2188	0
2189	0
2190	0
2191	0
2192	0
2193	0
2194	0
2195	0
2196	0
2197	0
2198	0
2199	0
2200	0
2201	0
2202	0
2203	0
2204	0
2205	0
2206	0
2207	0
2208	0
2209	0
2210	0
2211	0
2212	0
2213	0
2214	0
2215	0
2216	0
2217	0
2218	0
2219	0
2220	0
2221	0
2222	0
2223	0
2224	0
2225	2
2226	13
2227	0
2228	0
2229	0
2230	0
2231	0
2232	0
2233	0
2234	0
2235	0
2236	0
2237	0
2238	0
2239	0
2240	0
2241	0
2242	0
2243	0
2244	0
2245	0
2246	0
2247	0
2248	0
2249	0
2250	0
2251	0
2252	0
2253	0
2254	0
2255	0
2256	0
2257	0
2258	0
2259	0
2260	0
2261	0
2262	0
2263	0
2264	0
2265	0
2266	0
2267	0
2268	0
2269	0
2270	0
2271	0
2272	0
2273	0
2274	0
2275	0
2276	0
2277	0
2278	0
2279	0
2280	0
2281	0
2282	0
2283	0
2284	0
2285	0
2286	0
2287	0
2288	0
2289	0
2290	0
2291	0
2292	0
2293	0
2294	0
2295	0
2296	0
2297	0
2298	0
2299	0
2300	0
2301	0
2302	0
2303	0
2304	0
2305	1
2306	0
2307	0
2308	0
2309	0
2310	0
2311	1
2312	0
2313	0
2314	0
2315	0
2316	0
2317	0
2318	0
2319	0
2320	0
2321	0
2322	0
2323	0
2324	0
2325	0
2326	0
2327	0
2328	0
2329	0
2330	0
2331	0
2332	0
2333	0
2334	0
2335	3
2336	3
2337	3
2338	0
2339	0
2340	1
2341	0
2342	0
2343	0
2344	0
2345	3
2346	1
2347	0
2348	0
2349	0
2350	0
2351	3
2352	5
2353	1
2354	22
2355	0
2356	22
2357	3
2358	11
2359	3
2360	3
2361	0
2362	0
2363	3
2364	22
2365	0
2366	4
2367	3
2368	0
2369	0
2370	3
2371	0
2372	0
2373	3
2374	11
2375	9
2376	4
2377	4
2378	3
2379	9
2380	23
2381	0
2382	23
2383	9
2384	0
2385	0
2386	9
2387	9
2388	0
2389	9
2390	0
2391	3
2392	9
2393	3
2394	3
2395	3
2396	23
2397	3
2398	3
2399	3
2400	0
2401	7
2402	3
2403	3
2404	3
2405	3
2406	3
2407	3
2408	3
2409	3
2410	0
2411	0
2412	3
2413	7
2414	1
2415	0
2416	7
2417	9
2418	7
2419	0
2420	1
2421	23
2422	11
2423	7
2424	18
2425	9
2426	9
2427	9
2428	23
2429	0
2430	9
2431	9
2432	7
2433	0
2434	0
2435	5
2436	9
2437	9
2438	1
2439	1
2440	0
2441	3
2442	0
2443	5
2444	0
2445	9
2446	1
2447	1
2448	16
2449	5
2450	15
2451	3
2452	3
2453	0
2454	5
2455	2
2456	4
2457	13
2458	22
2459	0
2460	1
2461	0
2462	0
2463	0
2464	0
2465	0
2466	5
2467	0
2468	11
2469	2
2470	11
2471	9
2472	2
2473	4
2474	11
2475	18
2476	13
2477	4
2478	2
2479	4
2480	13
2481	4
2482	11
2483	4
2484	0
2485	4
2486	9
2487	9
2488	3
2489	3
2490	3
2491	0
2492	0
2493	0
2494	0
2495	23
2496	23
2497	2
2498	2
2499	9
2500	8
2501	0
2502	9
2503	0
2504	0
2505	0
2506	0
2507	0
2508	0
2509	0
2510	0
2511	0
2512	0
2513	0
2514	0
2515	0
2516	0
2517	0
2518	0
2519	4
2520	0
2521	0
2522	0
2523	0
2524	0
2525	0
2526	0
2527	0
2528	0
2529	0
2530	0
2531	0
2532	0
2533	0
2534	0
2535	0
2536	0
2537	0
2538	0
2539	0
2540	0
2541	0
2542	0
2543	0
2544	0
2545	16
2546	2
2547	0
2548	23
2549	2
2550	8
2551	23
2552	23
2553	8
2554	13
2555	8
2556	13
2557	2
2558	2
2559	2
2560	13
2561	13
2562	13
2563	22
2564	2
2565	13
2566	13
2567	8
2568	2
2569	2
2570	2
2571	10
2572	10
2573	2
2574	2
2575	13
2576	8
2577	2
2578	2
2579	2
2580	2
2581	2
2582	2
2583	2
2584	2
2585	2
2586	2
2587	10
2588	2
2589	2
2590	2
2591	2
2592	2
2593	8
2594	22
2595	2
2596	2
2597	2
2598	2
2599	2
2600	2
2601	2
2602	22
2603	2
2604	2
2605	2
2606	2
2607	2
2608	2
2609	2
2610	2
2611	2
2612	2
2613	2
2614	9
2615	22
2616	2
2617	2
2618	2
2619	2
2620	2
2621	2
2622	2
2623	2
2624	2
2625	2
2626	2
2627	2
2628	2
2629	2
2630	2
2631	22
2632	1
2633	1
2634	22
2635	5
2636	4
2637	22
2638	17
2639	12
2640	23
2641	23
2642	23
2643	0
2644	23
2645	9
2646	9
2647	9
2648	2
2649	1
2650	2
2651	2
2652	2
2653	5
2654	5
2655	2
2656	5
2657	1
2658	17
2659	3
2660	1
2661	23
2662	23
2663	17
2664	1
2665	0
2666	1
2667	8
2668	8
2669	22
2670	1
2671	8
2672	18
2673	1
2674	13
2675	4
2676	1
2677	22
2678	4
2679	23
2680	22
2681	13
2682	0
2683	1
2684	2
2685	2
2686	2
2687	8
2688	4
2689	2
2690	2
2691	5
2692	5
2693	5
2694	5
2695	2
2696	2
2697	23
2698	0
2699	0
2700	0
2701	23
2702	0
2703	6
2704	9
2705	0
2706	9
2707	2
2708	0
2709	13
2710	0
2711	23
2712	0
2713	0
2714	0
2715	0
2716	8
2717	0
2718	0
2719	0
2720	0
2721	0
2722	0
2723	0
2724	0
2725	0
2726	0
2727	0
2728	1
2729	1
2730	0
2731	0
2732	1
2733	1
2734	0
2735	1
2736	0
2737	0
2738	0
2739	0
2740	0
2741	1
2742	0
2743	0
2744	0
2745	0
2746	0
2747	0
2748	23
2749	13
2750	2
2751	2
2752	9
2753	9
2754	9
2755	22
2756	2
2757	22
2758	2
2759	2
2760	2
2761	23
2762	5
2763	22
2764	5
2765	7
2766	9
2767	22
2768	11
2769	9
2770	9
2771	7
2772	0
2773	3
2774	5
2775	0
2776	0
2777	23
2778	5
2779	23
2780	2
2781	23
2782	17
2783	27
2784	2
2785	2
2786	2
2787	2
2788	2
2789	7
2790	9
2791	9
2792	2
2793	13
2794	0
2795	0
2796	0
2797	0
2798	0
2799	0
2800	0
2801	0
2802	0
2803	0
2804	0
2805	0
2806	0
2807	0
2808	0
2809	3
2810	0
2811	0
2812	0
2813	0
2814	0
2815	0
2816	0
2817	0
2818	0
2819	0
2820	0
2821	0
2822	0
2823	0
2824	0
2825	0
2826	0
2827	0
2828	0
2829	0
2830	0
2831	0
2832	0
2833	0
2834	0
2835	0
2836	0
2837	1
2838	17
2839	0
2840	0
2841	0
2842	3
2843	3
2844	4
2845	1
2846	1
2847	1
2848	1
2849	1
2850	9
2851	9
2852	0
2853	0
2854	9
2855	9
2856	1
2857	9
2858	9
2859	9
2860	9
2861	9
2862	9
2863	9
2864	9
2865	9
2866	1
2867	23
2868	9
2869	9
2870	21
2871	0
2872	0
2873	0
2874	0
2875	0
2876	0
2877	0
2878	0
2879	0
2880	0
2881	9
2882	7
2883	15
2884	10
2885	11
2886	0
2887	18
2888	9
2889	9
2890	1
2891	0
2892	3
2893	9
2894	0
2895	0
2896	0
2897	9
2898	17
2899	9
2900	1
2901	9
2902	9
2903	9
2904	17
2905	9
2906	9
2907	9
2908	9
2909	9
2910	9
2911	9
2912	9
2913	4
2914	8
2915	10
2916	11
2917	4
2918	23
2919	3
2920	18
2921	27
2922	27
2923	9
2924	0
2925	0
2926	0
2927	0
2928	0
2929	0
2930	16
2931	9
2932	23
2933	0
2934	0
2935	0
2936	27
2937	5
2938	9
2939	13
2940	8
2941	17
2942	17
2943	11
2944	9
2945	9
2946	11
2947	9
2948	0
2949	11
2950	9
2951	9
2952	0
2953	9
2954	10
2955	2
2956	17
2957	2
2958	2
2959	9
2960	3
2961	1
2962	17
2963	9
2964	2
2965	5
2966	22
2967	10
2968	16
2969	0
2970	0
2971	5
2972	12
2973	3
2974	1
2975	13
2976	4
2977	4
2978	10
2979	22
2980	16
2981	4
2982	11
2983	1
2984	6
2985	5
2986	9
2987	17
2988	8
2989	0
2990	0
2991	0
2992	8
2993	17
2994	9
2995	23
2996	20
2997	8
2998	2
2999	4
3000	18
3001	17
3002	4
3003	2
3004	5
3005	1
3006	4
3007	4
3008	4
3009	5
3010	4
3011	2
3012	2
3013	5
3014	1
3015	4
3016	8
3017	5
3018	4
3019	17
3020	17
3021	15
3022	4
3023	11
3024	15
3025	7
3026	7
3027	7
3028	23
3029	0
3030	9
3031	18
3032	9
3033	17
3034	0
3035	0
3036	0
3037	16
3038	10
3039	20
3040	4
3041	9
3042	0
3043	10
3044	9
3045	9
3046	6
3047	11
3048	5
3049	23
3050	20
3051	5
3052	5
3053	5
3054	9
3055	2
3056	5
3057	5
3058	5
3059	5
3060	17
3061	23
3062	17
3063	23
3064	17
3065	17
3066	18
3067	17
3068	4
3069	11
3070	11
3071	4
3072	3
3073	4
3074	4
3075	4
3076	4
3077	4
3078	2
3079	14
3080	4
3081	4
3082	4
3083	10
3084	9
3085	4
3086	4
3087	4
3088	4
3089	4
3090	4
3091	0
3092	4
3093	4
3094	0
3095	0
3096	0
3097	0
3098	0
3099	0
3100	0
3101	0
3102	0
3103	4
3104	9
3105	2
3106	7
3107	11
3108	0
3109	0
3110	4
3111	11
3112	0
3113	0
3114	0
3115	0
3116	0
3117	17
3118	0
3119	0
3120	4
3121	4
3122	4
3123	4
3124	9
3125	4
3126	9
3127	7
3128	0
3129	0
3130	0
3131	11
3132	0
3133	27
3134	4
3135	0
3136	4
3137	1
3138	4
3139	4
3140	9
3141	4
3142	9
3143	5
3144	11
3145	5
3146	0
3147	5
3148	9
3149	5
3150	5
3151	17
3152	20
3153	17
3154	0
3155	0
3156	0
3157	0
3158	0
3159	0
3160	9
3161	0
3162	0
3163	0
3164	0
3165	0
3166	0
3167	9
3168	0
3169	9
3170	9
3171	0
3172	0
3173	0
3174	9
3175	0
3176	0
3177	9
3178	9
3179	9
3180	0
3181	3
3182	0
3183	0
3184	9
3185	9
3186	9
3187	0
3188	0
3189	9
3190	9
3191	0
3192	9
3193	9
3194	0
3195	0
3196	0
3197	0
3198	0
3199	9
3200	9
3201	0
3202	17
3203	2
3204	2
3205	2
3206	5
3207	9
3208	2
3209	11
3210	2
3211	4
3212	13
3213	2
3214	2
3215	5
3216	8
3217	5
3218	5
3219	13
3220	9
3221	9
3222	5
3223	22
3224	9
3225	5
3226	4
3227	17
3228	17
3229	20
3230	20
3231	17
3232	26
3233	20
3234	20
3235	17
3236	17
3237	18
3238	12
3239	4
3240	5
3241	8
3242	5
3243	5
3244	5
3245	17
3246	23
3247	23
3248	22
3249	13
3250	10
3251	13
3252	20
3253	23
3254	7
3255	3
3256	3
3257	0
3258	0
3259	23
3260	7
3261	0
3262	0
3263	7
3264	0
3265	23
3266	0
3267	0
3268	12
3269	11
3270	4
3271	5
3272	0
3273	5
3274	23
3275	0
3276	0
3277	0
3278	17
3279	0
3280	0
3281	3
3282	0
3283	11
3284	17
3285	0
3286	0
3287	0
3288	0
3289	0
3290	0
3291	0
3292	0
3293	0
3294	0
3295	0
3296	0
3297	0
3298	0
3299	0
3300	0
3301	0
3302	9
3303	3
3304	18
3305	0
3306	3
3307	0
3308	0
3309	0
3310	0
3311	0
3312	0
3313	0
3314	0
3315	0
3316	0
3317	0
3318	0
3319	9
3320	17
3321	0
3322	0
3323	7
3324	0
3325	0
3326	0
3327	0
3328	0
3329	7
3330	3
3331	0
3332	0
3333	0
3334	23
3335	0
3336	17
3337	3
3338	23
3339	0
3340	0
3341	0
3342	0
3343	0
3344	0
3345	7
3346	0
3347	4
3348	0
3349	0
3350	17
3351	0
3352	0
3353	9
3354	5
3355	9
3356	11
3357	11
3358	9
3359	22
3360	1
3361	0
3362	0
3363	11
3364	4
3365	5
3366	0
3367	4
3368	0
3369	7
3370	4
3371	5
3372	5
3373	7
3374	0
3375	15
3376	7
3377	2
3378	2
3379	2
3380	2
3381	2
3382	2
3383	9
3384	2
3385	2
3386	2
3387	20
3388	2
3389	3
3390	2
3391	2
3392	2
3393	2
3394	2
3395	2
3396	2
3397	2
3398	2
3399	4
3400	23
3401	2
3402	3
3403	2
3404	2
3405	0
3406	2
3407	2
3408	0
3409	18
3410	5
3411	3
3412	0
3413	9
3414	0
3415	2
3416	0
3417	0
3418	2
3419	2
3420	2
3421	2
3422	0
3423	16
3424	16
3425	5
3426	8
3427	8
3428	11
3429	2
3430	2
3431	2
3432	5
3433	2
3434	2
3435	23
3436	23
3437	23
3438	23
3439	9
3440	11
3441	23
3442	9
3443	23
3444	22
3445	8
3446	22
3447	8
3448	13
3449	2
3450	13
3451	13
3452	4
3453	9
3454	22
3455	2
3456	2
3457	2
3458	0
3459	7
3460	0
3461	9
3462	8
3463	4
3464	9
3465	16
3466	22
3467	22
3468	9
3469	23
3470	23
3471	23
3472	13
3473	13
3474	8
3475	2
3476	2
3477	4
3478	3
3479	0
3480	0
3481	12
3482	23
3483	23
3484	23
3485	23
3486	23
3487	23
3488	23
3489	23
3490	23
3491	23
3492	23
3493	23
3494	23
3495	23
3496	1
3497	3
3498	3
3499	3
3500	0
3501	0
3502	20
3503	19
3504	3
3505	1
3506	1
3507	1
3508	3
3509	3
3510	1
3511	22
3512	9
3513	11
3514	27
3515	1
3516	17
3517	15
3518	0
3519	0
3520	0
3521	0
3522	0
3523	0
3524	3
3525	7
3526	7
3527	3
3528	3
3529	2
3530	2
3531	2
3532	0
3533	0
3534	3
3535	0
3536	8
3537	9
3538	14
3539	4
3540	27
3541	4
3542	16
3543	11
3544	12
3545	13
3546	8
3547	11
3548	5
3549	5
3550	18
3551	5
3552	15
3553	3
3554	11
3555	3
3556	3
3557	11
3558	2
3559	2
3560	11
3561	11
3562	9
3563	9
3564	17
3565	2
3566	4
3567	23
3568	17
3569	11
3570	11
3571	5
3572	0
3573	1
3574	22
3575	11
3576	1
3577	1
3578	13
3579	9
3580	1
3581	3
3582	4
3583	22
3584	5
3585	5
3586	8
3587	2
3588	1
3589	8
3590	16
3591	2
3592	23
3593	2
3594	9
3595	13
3596	5
3597	22
3598	5
3599	15
3600	8
3601	10
3602	22
3603	2
3604	2
3605	9
3606	9
3607	4
3608	1
3609	0
3610	8
3611	8
3612	8
3613	9
3614	0
3615	13
3616	1
3617	2
3618	8
3619	11
3620	12
3621	2
3622	12
3623	2
3624	9
3625	11
3626	17
3627	9
3628	1
3629	9
3630	2
3631	9
3632	2
3633	9
3634	9
3635	22
3636	9
3637	5
3638	13
3639	8
3640	9
3641	22
3642	9
3643	8
3644	9
3645	2
3646	2
3647	9
3648	17
3649	2
3650	7
3651	9
3652	9
3653	8
3654	21
3655	1
3656	7
3657	0
3658	8
3659	2
3660	1
3661	8
3662	0
3663	0
3664	5
3665	23
3666	23
3667	18
3668	11
3669	1
3670	23
3671	2
3672	2
3673	9
3674	5
3675	9
3676	4
3677	2
3678	14
3679	3
3680	2
3681	2
3682	16
3683	23
3684	11
3685	10
3686	11
3687	10
3688	12
3689	10
3690	15
3691	15
3692	4
3693	17
3694	10
3695	11
3696	5
3697	10
3698	4
3699	5
3700	11
3701	20
3702	17
3703	11
3704	2
3705	10
3706	12
3707	4
3708	0
3709	2
3710	0
3711	9
3712	3
3713	23
3714	2
3715	23
3716	0
3717	23
3718	0
3719	0
3720	16
3721	2
3722	22
3723	22
3724	7
3725	4
3726	4
3727	4
3728	0
3729	4
3730	1
3731	4
3732	4
3733	4
3734	4
3735	15
3736	2
3737	0
3738	0
3739	2
3740	2
3741	0
3742	2
3743	10
3744	2
3745	2
3746	9
3747	0
3748	23
3749	0
3750	23
3751	23
3752	0
3753	23
3754	23
3755	23
3756	4
3757	1
3758	4
3759	10
3760	1
3761	2
3762	9
3763	3
3764	1
3765	3
3766	17
3767	2
3768	4
3769	4
3770	2
3771	9
3772	9
3773	4
3774	16
3775	2
3776	1
3777	1
3778	10
3779	4
3780	4
3781	4
3782	0
3783	0
3784	0
3785	1
3786	3
3787	0
3788	0
3789	8
3790	2
3791	22
3792	22
3793	22
3794	22
3795	0
3796	22
3797	2
3798	22
3799	5
3800	22
3801	4
3802	22
3803	4
3804	4
3805	5
3806	13
3807	5
3808	4
3809	22
3810	5
3811	7
3812	22
3813	13
3814	13
3815	13
3816	15
3817	13
3818	23
3819	0
3820	13
3821	17
3822	8
3823	1
3824	8
3825	2
3826	2
3827	5
3828	13
3829	2
3830	2
3831	23
3832	2
3833	16
3834	2
3835	8
3836	5
3837	2
3838	10
3839	2
3840	11
3841	2
3842	0
3843	3
3844	0
3845	3
3846	3
3847	3
3848	9
3849	1
3850	3
3851	27
3852	1
3853	0
3854	3
3855	3
3856	0
3857	2
3858	2
3859	9
3860	5
3861	12
3862	5
3863	11
3864	5
3865	7
3866	23
3867	9
3868	5
3869	5
3870	5
3871	5
3872	23
3873	5
3874	5
3875	2
3876	11
3877	5
3878	10
3879	20
3880	5
3881	2
3882	23
3883	10
3884	5
3885	5
3886	0
3887	5
3888	9
3889	10
3890	5
3891	18
3892	3
3893	5
3894	9
3895	5
3896	5
3897	5
3898	9
3899	15
3900	9
3901	5
3902	7
3903	2
3904	5
3905	5
3906	0
3907	9
3908	2
3909	5
3910	2
3911	27
3912	13
3913	8
3914	5
3915	5
3916	23
3917	3
3918	5
3919	5
3920	13
3921	7
3922	12
3923	5
3924	3
3925	5
3926	7
3927	23
3928	5
3929	5
3930	21
3931	5
3932	5
3933	5
3934	8
3935	9
3936	9
3937	5
3938	8
3939	5
3940	23
3941	20
3942	8
3943	5
3944	5
3945	9
3946	5
3947	5
3948	4
3949	8
3950	5
3951	5
3952	0
3953	5
3954	11
3955	5
3956	5
3957	2
3958	23
3959	10
3960	9
3961	9
3962	7
3963	7
3964	9
3965	5
3966	9
3967	5
3968	22
3969	22
3970	9
3971	9
3972	12
3973	5
3974	20
3975	23
3976	23
3977	23
3978	23
3979	23
3980	23
3981	23
3982	23
3983	23
3984	23
3985	23
3986	1
3987	23
3988	23
3989	23
3990	23
3991	23
3992	23
3993	1
3994	23
3995	23
3996	0
3997	1
3998	1
3999	1
4000	23
4001	23
4002	1
4003	1
4004	23
4005	23
4006	23
4007	23
4008	1
4009	9
4010	23
4011	1
4012	23
4013	23
4014	23
4015	23
4016	23
4017	23
4018	1
4019	23
4020	23
4021	23
4022	23
4023	23
4024	23
4025	23
4026	23
4027	1
4028	9
4029	23
4030	0
4031	1
4032	23
4033	11
4034	1
4035	0
4036	0
4037	2
4038	1
4039	1
4040	5
4041	1
4042	17
4043	5
4044	1
4045	5
4046	5
4047	2
4048	1
4049	13
4050	13
4051	4
4052	4
4053	27
4054	11
4055	1
4056	5
4057	2
4058	1
4059	2
4060	2
4061	10
4062	4
4063	15
4064	5
4065	0
4066	2
4067	10
4068	11
4069	8
4070	5
4071	10
4072	2
4073	9
4074	5
4075	9
4076	4
4077	0
4078	2
4079	2
4080	21
4081	5
4082	2
4083	9
4084	9
4085	9
4086	9
4087	9
4088	0
4089	0
4090	0
4091	0
4092	0
4093	0
4094	0
4095	0
4096	0
4097	0
4098	0
4099	0
4100	0
4101	1
4102	3
4103	3
4104	3
4105	0
4106	0
4107	5
4108	3
4109	0
4110	3
4111	0
4112	0
4113	3
4114	0
4115	0
4116	0
4117	0
4118	0
4119	0
4120	3
4121	0
4122	1
4123	3
4124	11
4125	11
4126	0
4127	3
4128	14
4129	2
4130	9
4131	9
4132	22
4133	22
4134	11
4135	5
4136	10
4137	2
4138	22
4139	9
4140	9
4141	2
4142	9
4143	23
4144	0
4145	0
4146	23
4147	13
4148	23
4149	17
4150	5
4151	8
4152	23
4153	12
4154	7
4155	23
4156	5
4157	23
4158	15
4159	11
4160	10
4161	23
4162	5
4163	5
4164	23
4165	23
4166	3
4167	5
4168	7
4169	23
4170	23
4171	10
4172	10
4173	23
4174	15
4175	22
4176	22
4177	23
4178	22
4179	1
4180	1
4181	9
4182	11
4183	1
4184	1
4185	22
4186	22
4187	27
4188	1
4189	1
4190	26
4191	5
4192	8
4193	10
4194	0
4195	0
4196	5
4197	5
4198	21
4199	1
4200	11
4201	2
4202	0
4203	7
4204	0
4205	3
4206	3
4207	3
4208	4
4209	2
4210	2
4211	2
4212	2
4213	0
4214	4
4215	3
4216	11
4217	9
4218	11
4219	11
4220	13
4221	9
4222	2
4223	2
4224	2
4225	9
4226	11
4227	3
4228	27
4229	9
4230	9
4231	9
4232	9
4233	22
4234	5
4235	2
4236	22
4237	7
4238	2
4239	16
4240	1
4241	0
4242	1
4243	11
4244	16
4245	2
4246	13
4247	22
4248	22
4249	22
4250	4
4251	27
4252	9
4253	9
4254	23
4255	5
4256	0
4257	2
4258	0
4259	2
4260	5
4261	2
4262	2
4263	2
4264	2
4265	1
4266	2
4267	5
4268	2
4269	2
4270	27
4271	5
4272	1
4273	4
4274	0
4275	4
4276	1
4277	1
4278	4
4279	4
4280	4
4281	4
4282	4
4283	4
4284	2
4285	20
4286	4
4287	4
4288	4
4289	4
4290	1
4291	4
4292	4
4293	4
4294	4
4295	4
4296	4
4297	5
4298	4
4299	2
4300	13
4301	2
4302	13
4303	13
4304	5
4305	9
4306	21
4307	11
4308	5
4309	4
4310	7
4311	13
4312	5
4313	2
4314	10
4315	13
4316	2
4317	13
4318	4
4319	16
4320	2
4321	22
4322	22
4323	2
4324	11
4325	2
4326	2
4327	2
4328	22
4329	2
4330	22
4331	5
4332	22
4333	0
4334	1
4335	3
4336	0
4337	0
4338	0
4339	0
4340	4
4341	0
4342	0
4343	3
4344	0
4345	0
4346	0
4347	0
4348	0
4349	4
4350	4
4351	1
4352	9
4353	1
4354	1
4355	1
4356	1
4357	1
4358	4
4359	1
4360	0
4361	0
4362	1
4363	5
4364	1
4365	4
4366	1
4367	0
4368	0
4369	0
4370	1
4371	3
4372	1
4373	1
4374	9
4375	1
4376	9
4377	3
4378	3
4379	3
4380	3
4381	7
4382	1
4383	11
4384	5
4385	13
4386	11
4387	4
4388	3
4389	3
4390	3
4391	3
4392	3
4393	7
4394	15
4395	11
4396	3
4397	3
4398	3
4399	3
4400	3
4401	3
4402	3
4403	3
4404	3
4405	3
4406	3
4407	3
4408	3
4409	4
4410	4
4411	11
4412	1
4413	5
4414	0
4415	1
4416	1
4417	5
4418	4
4419	2
4420	9
4421	1
4422	1
4423	9
4424	27
4425	2
4426	1
4427	8
4428	22
4429	4
4430	23
4431	0
4432	4
4433	4
4434	4
4435	9
4436	8
4437	4
4438	16
4439	4
4440	4
4441	4
4442	0
4443	0
4444	0
4445	0
4446	0
4447	0
4448	0
4449	7
4450	0
4451	0
4452	0
4453	0
4454	9
4455	5
4456	5
4457	9
4458	1
4459	0
4460	0
4461	10
4462	20
4463	1
4464	1
4465	0
4466	0
4467	0
4468	2
4469	27
4470	0
4471	5
4472	5
4473	5
4474	5
4475	4
4476	5
4477	5
4478	5
4479	0
4480	5
4481	0
4482	5
4483	5
4484	5
4485	5
4486	5
4487	0
4488	4
4489	5
4490	0
4491	5
4492	0
4493	2
4494	0
4495	5
4496	5
4497	22
4498	1
4499	1
4500	10
4501	5
4502	9
4503	7
4504	9
4505	2
4506	4
4507	17
4508	0
4509	21
4510	5
4511	17
4512	1
4513	4
4514	23
4515	21
4516	20
4517	9
4518	4
4519	4
4520	4
4521	23
4522	1
4523	12
4524	1
4525	11
4526	0
4527	9
4528	4
4529	9
4530	9
4531	4
4532	23
4533	12
4534	7
4535	1
4536	1
4537	9
4538	9
4539	23
4540	9
4541	10
4542	4
4543	11
4544	23
4545	7
4546	10
4547	10
4548	10
4549	7
4550	11
4551	10
4552	23
4553	4
4554	20
4555	23
4556	20
4557	2
4558	2
4559	2
4560	2
4561	10
4562	9
4563	5
4564	9
4565	10
4566	1
4567	22
4568	5
4569	0
4570	8
4571	8
4572	9
4573	27
4574	7
4575	4
4576	9
4577	15
4578	9
4579	15
4580	21
4581	4
4582	9
4583	15
4584	9
4585	4
4586	9
4587	15
4588	17
4589	15
4590	15
4591	15
4592	0
4593	0
4594	23
4595	0
4596	0
4597	0
4598	3
4599	2
4600	0
4601	1
4602	3
4603	3
4604	3
4605	3
4606	0
4607	4
4608	1
4609	3
4610	4
4611	13
4612	4
4613	3
4614	2
4615	2
4616	2
4617	21
4618	9
4619	2
4620	15
4621	16
4622	20
4623	2
4624	5
4625	5
4626	2
4627	1
4628	5
4629	0
4630	2
4631	13
4632	2
4633	2
4634	1
4635	1
4636	5
4637	23
4638	5
4639	5
4640	2
4641	5
4642	5
4643	4
4644	5
4645	25
4646	0
4647	0
4648	0
4649	0
4650	0
4651	0
4652	23
4653	0
4654	0
4655	23
4656	23
4657	0
4658	3
4659	0
4660	0
4661	1
4662	0
4663	0
4664	3
4665	3
4666	0
4667	0
4668	0
4669	1
4670	3
4671	0
4672	0
4673	0
4674	0
4675	3
4676	0
4677	3
4678	0
4679	0
4680	4
4681	0
4682	0
4683	3
4684	3
4685	1
4686	0
4687	1
4688	0
4689	0
4690	3
4691	3
4692	3
4693	3
4694	3
4695	3
4696	3
4697	3
4698	3
4699	0
4700	0
4701	3
4702	3
4703	0
4704	0
4705	0
4706	0
4707	3
4708	9
4709	3
4710	3
4711	23
4712	9
4713	0
4714	3
4715	0
4716	3
4717	0
4718	0
4719	4
4720	3
4721	9
4722	9
4723	0
4724	0
4725	0
4726	0
4727	0
4728	23
4729	3
4730	3
4731	3
4732	3
4733	0
4734	3
4735	0
4736	0
4737	0
4738	9
4739	3
4740	0
4741	1
4742	0
4743	1
4744	0
4745	1
4746	1
4747	23
4748	2
4749	1
4750	1
4751	5
4752	3
4753	0
4754	0
4755	0
4756	9
4757	0
4758	3
4759	5
4760	0
4761	0
4762	3
4763	9
4764	9
4765	1
4766	0
4767	5
4768	5
4769	0
4770	0
4771	11
4772	2
4773	9
4774	3
4775	9
4776	3
4777	3
4778	3
4779	3
4780	0
4781	23
4782	3
4783	3
4784	2
4785	0
4786	5
4787	9
4788	3
4789	0
4790	5
4791	3
4792	3
4793	3
4794	3
4795	3
4796	23
4797	9
4798	0
4799	3
4800	3
4801	3
4802	3
4803	0
4804	0
4805	0
4806	23
4807	3
4808	3
4809	3
4810	3
4811	3
4812	3
4813	3
4814	3
4815	3
4816	3
4817	3
4818	3
4819	3
4820	3
4821	3
4822	3
4823	3
4824	3
4825	3
4826	3
4827	3
4828	3
4829	3
4830	3
4831	3
4832	3
4833	3
4834	3
4835	3
4836	3
4837	3
4838	3
4839	3
4840	3
4841	3
4842	3
4843	3
4844	3
4845	3
4846	3
4847	3
4848	9
4849	3
4850	22
4851	5
4852	5
4853	15
4854	10
4855	9
4856	10
4857	9
4858	15
4859	7
4860	10
4861	10
4862	0
4863	2
4864	8
4865	0
4866	0
4867	7
4868	9
4869	0
4870	0
4871	10
4872	10
4873	7
4874	10
4875	1
4876	7
4877	0
4878	7
4879	15
4880	7
4881	9
4882	11
4883	9
4884	9
4885	10
4886	10
4887	27
4888	11
4889	9
4890	10
4891	9
4892	10
4893	10
4894	9
4895	0
4896	9
4897	9
4898	7
4899	9
4900	9
4901	9
4902	9
4903	7
4904	4
4905	9
4906	4
4907	9
4908	10
4909	9
4910	2
4911	0
4912	9
4913	19
4914	9
4915	9
4916	9
4917	1
4918	1
4919	10
4920	0
4921	9
4922	5
4923	9
4924	9
4925	9
4926	9
4927	9
4928	27
4929	9
4930	15
4931	15
4932	4
4933	9
4934	9
4935	8
4936	4
4937	9
4938	9
4939	5
4940	10
4941	9
4942	9
4943	1
4944	1
4945	1
4946	1
4947	1
4948	1
4949	1
4950	1
4951	1
4952	1
4953	1
4954	1
4955	1
4956	1
4957	1
4958	1
4959	1
4960	1
4961	1
4962	1
4963	13
4964	13
4965	2
4966	1
4967	1
4968	1
4969	1
4970	1
4971	4
4972	0
4973	16
4974	4
4975	0
4976	0
4977	0
4978	0
4979	0
4980	0
4981	0
4982	0
4983	0
4984	0
4985	0
4986	0
4987	0
4988	0
4989	8
4990	5
4991	5
4992	4
4993	4
4994	5
4995	0
4996	5
4997	0
4998	0
4999	0
5000	2
5001	0
5002	0
5003	4
5004	2
5005	0
5006	4
5007	0
5008	11
5009	2
5010	2
5011	2
5012	5
5013	0
5014	23
5015	23
5016	22
5017	22
5018	5
5019	15
5020	2
5021	4
5022	4
5023	14
5024	13
5025	2
5026	2
5027	1
5028	1
5029	2
5030	15
5031	2
5032	13
5033	8
5034	2
5035	2
5036	2
5037	13
5038	5
5039	1
5040	5
5041	1
5042	8
5043	1
5044	1
5045	8
5046	2
5047	5
5048	2
5049	4
5050	7
5051	0
5052	0
5053	0
5054	0
5055	0
5056	1
5057	4
5058	1
5059	0
5060	0
5061	9
5062	7
5063	9
5064	1
5065	3
5066	1
5067	2
5068	1
5069	1
5070	3
5071	1
5072	0
5073	7
5074	0
5075	3
5076	7
5077	9
5078	0
5079	7
5080	7
5081	0
5082	8
5083	9
5084	2
5085	0
5086	9
5087	2
5088	0
5089	3
5090	0
5091	0
5092	9
5093	1
5094	9
5095	1
5096	5
5097	0
5098	0
5099	0
5100	0
5101	2
5102	7
5103	9
5104	0
5105	2
5106	1
5107	0
5108	23
5109	9
5110	1
5111	2
5112	5
5113	10
5114	2
5115	9
5116	5
5117	2
5118	0
5119	2
5120	1
5121	9
5122	2
5123	5
5124	13
5125	5
5126	2
5127	2
5128	2
5129	2
5130	11
5131	2
5132	4
5133	9
5134	2
5135	2
5136	2
5137	2
5138	0
5139	2
5140	2
5141	2
5142	22
5143	5
5144	1
5145	7
5146	5
5147	3
5148	5
5149	2
5150	2
5151	9
5152	2
5153	1
5154	10
5155	2
5156	0
5157	22
5158	17
5159	22
5160	7
5161	2
5162	22
5163	2
5164	5
5165	17
5166	2
5167	12
5168	5
5169	5
5170	22
5171	2
5172	22
5173	5
5174	2
5175	9
5176	16
5177	13
5178	0
5179	2
5180	1
5181	9
5182	9
5183	0
5184	9
5185	1
5186	9
5187	9
5188	11
5189	1
5190	5
5191	1
5192	0
5193	13
5194	0
5195	9
5196	1
5197	11
5198	9
5199	7
5200	13
5201	3
5202	7
5203	7
5204	22
5205	8
5206	1
5207	9
5208	11
5209	11
5210	13
5211	0
5212	13
5213	7
5214	11
5215	0
5216	8
5217	7
5218	7
5219	7
5220	9
5221	7
5222	1
5223	7
5224	11
5225	3
5226	3
5227	11
5228	7
5229	1
5230	7
5231	7
5232	7
5233	9
5234	4
5235	23
5236	7
5237	3
5238	11
5239	7
5240	11
5241	8
5242	3
5243	1
5244	1
5245	11
5246	1
5247	7
5248	11
5249	7
5250	7
5251	7
5252	7
5253	3
5254	1
5255	14
5256	9
5257	4
5258	3
5259	8
5260	3
5261	1
5262	1
5263	22
5264	10
5265	0
5266	0
5267	3
5268	3
5269	3
5270	2
5271	7
5272	7
5273	13
5274	1
5275	1
5276	0
5277	22
5278	10
5279	13
5280	11
5281	7
5282	10
5283	11
5284	7
5285	7
5286	2
5287	22
5288	4
5289	11
5290	3
5291	3
5292	0
5293	7
5294	0
5295	0
5296	0
5297	3
5298	3
5299	3
5300	1
5301	11
5302	3
5303	3
5304	7
5305	7
5306	7
5307	7
5308	7
5309	7
5310	0
5311	0
5312	0
5313	0
5314	0
5315	3
5316	3
5317	9
5318	7
5319	9
5320	0
5321	11
5322	3
5323	3
5324	9
5325	13
5326	10
5327	27
5328	8
5329	5
5330	2
5331	11
5332	18
5333	1
5334	17
5335	2
5336	9
5337	8
5338	15
5339	4
5340	4
5341	8
5342	9
5343	7
5344	0
5345	4
5346	27
5347	1
5348	1
5349	14
5350	1
5351	14
5352	9
5353	2
5354	2
5355	2
5356	5
5357	5
5358	8
5359	1
5360	4
5361	4
5362	4
5363	4
5364	22
5365	10
5366	4
5367	2
5368	27
5369	27
5370	27
5371	4
5372	4
5373	16
5374	5
5375	9
5376	4
5377	0
5378	0
5379	0
5380	0
5381	3
5382	1
5383	3
5384	0
5385	0
5386	0
5387	1
5388	9
5389	9
5390	0
5391	7
5392	5
5393	7
5394	0
5395	3
5396	22
5397	0
5398	0
5399	0
5400	5
5401	9
5402	0
5403	0
5404	0
5405	7
5406	0
5407	5
5408	0
5409	1
5410	9
5411	0
5412	0
5413	0
5414	0
5415	0
5416	5
5417	0
5418	9
5419	5
5420	7
5421	9
5422	1
5423	5
5424	5
5425	5
5426	0
5427	5
5428	7
5429	5
5430	5
5431	5
5432	3
5433	5
5434	11
5435	7
5436	7
5437	2
5438	0
5439	9
5440	11
5441	17
5442	7
5443	2
5444	0
5445	22
5446	1
5447	23
5448	23
5449	1
5450	13
5451	10
5452	5
5453	22
5454	3
5455	4
5456	3
5457	1
5458	1
5459	3
5460	3
5461	0
5462	3
5463	3
5464	2
5465	3
5466	2
5467	9
5468	0
5469	0
5470	0
5471	0
5472	0
5473	0
5474	0
5475	0
5476	0
5477	0
5478	0
5479	0
5480	0
5481	0
5482	0
5483	0
5484	0
5485	0
5486	7
5487	0
5488	0
5489	0
5490	0
5491	9
5492	0
5493	0
5494	2
5495	2
5496	1
5497	9
5498	5
5499	5
5500	8
5501	5
5502	16
5503	11
5504	13
5505	2
5506	1
5507	2
5508	0
5509	2
5510	5
5511	1
5512	2
5513	2
5514	0
5515	14
5516	4
5517	5
5518	5
5519	27
5520	13
5521	13
5522	5
5523	11
5524	3
5525	2
5526	1
5527	17
5528	2
5529	2
5530	2
5531	2
5532	17
5533	10
5534	6
5535	22
5536	11
5537	14
5538	17
5539	16
5540	1
5541	23
5542	3
5543	11
5544	0
5545	0
5546	23
5547	23
5548	7
5549	10
5550	2
5551	9
5552	0
5553	8
5554	3
5555	1
5556	3
5557	0
5558	27
5559	23
5560	9
5561	4
5562	0
5563	12
5564	5
5565	5
5566	5
5567	13
5568	11
5569	5
5570	4
5571	23
5572	1
5573	4
5574	15
5575	0
5576	4
5577	0
5578	8
5579	0
5580	4
5581	13
5582	15
5583	22
5584	4
5585	5
5586	27
5587	5
5588	1
5589	1
5590	1
5591	13
5592	5
5593	5
5594	10
5595	1
5596	1
5597	1
5598	1
5599	5
5600	4
5601	4
5602	4
5603	9
5604	4
5605	11
5606	11
5607	5
5608	0
5609	9
5610	5
5611	0
5612	8
5613	5
5614	27
5615	11
5616	0
5617	0
5618	11
5619	14
5620	4
5621	0
5622	0
5623	7
5624	0
5625	0
5626	0
5627	0
5628	2
5629	22
5630	1
5631	5
5632	1
5633	3
5634	0
5635	1
5636	0
5637	5
5638	0
5639	23
5640	23
5641	0
5642	23
5643	23
5644	23
5645	23
5646	23
5647	1
5648	4
5649	22
5650	1
5651	2
5652	0
5653	0
5654	1
5655	0
5656	5
5657	0
5658	0
5659	0
5660	0
5661	23
5662	23
5663	5
5664	2
5665	3
5666	0
5667	0
5668	2
5669	6
5670	2
5671	23
5672	2
5673	5
5674	8
5675	0
5676	10
5677	23
5678	23
5679	7
5680	5
5681	13
5682	1
5683	4
5684	5
5685	13
5686	0
5687	1
5688	0
5689	0
5690	0
5691	22
5692	22
5693	22
5694	22
5695	22
5696	22
5697	11
5698	23
5699	11
5700	10
5701	22
5702	11
5703	13
5704	13
5705	22
5706	11
5707	11
5708	7
5709	2
5710	5
5711	4
5712	2
5713	3
5714	7
5715	2
5716	0
5717	0
5718	5
5719	5
5720	10
5721	1
5722	5
5723	5
5724	26
5725	5
5726	4
5727	13
5728	5
5729	13
5730	8
5731	4
5732	13
5733	5
5734	5
5735	22
5736	13
5737	22
5738	9
5739	22
5740	5
5741	5
5742	5
5743	3
5744	22
5745	5
5746	5
5747	13
5748	8
5749	16
5750	5
5751	4
5752	5
5753	5
5754	5
5755	13
5756	5
5757	2
5758	3
5759	13
5760	7
5761	5
5762	2
5763	5
5764	5
5765	5
5766	9
5767	13
5768	5
5769	7
5770	10
5771	13
5772	13
5773	5
5774	5
5775	5
5776	13
5777	13
5778	13
5779	13
5780	8
5781	10
5782	8
5783	20
5784	13
5785	22
5786	9
5787	5
5788	5
5789	5
5790	2
5791	5
5792	22
5793	5
5794	9
5795	3
5796	5
5797	22
5798	22
5799	22
5800	5
5801	5
5802	2
5803	22
5804	5
5805	9
5806	9
5807	2
5808	13
5809	4
5810	13
5811	5
5812	8
5813	22
5814	8
5815	5
5816	2
5817	13
5818	5
5819	5
5820	5
5821	0
5822	4
5823	11
5824	8
5825	2
5826	8
5827	17
5828	23
5829	23
5830	23
5831	23
5832	23
5833	23
5834	23
5835	9
5836	23
5837	23
5838	23
5839	23
5840	23
5841	23
5842	23
5843	4
5844	5
5845	4
5846	4
5847	4
5848	4
5849	7
5850	4
5851	4
5852	5
5853	2
5854	4
5855	4
5856	0
5857	0
5858	9
5859	9
5860	1
5861	27
5862	14
5863	4
5864	4
5865	4
5866	5
5867	9
5868	11
5869	5
5870	2
5871	2
5872	2
5873	2
5874	14
5875	9
5876	5
5877	5
5878	2
5879	8
5880	4
5881	5
5882	4
5883	2
5884	27
5885	5
5886	9
5887	4
5888	2
5889	4
5890	5
5891	4
5892	0
5893	0
5894	7
5895	27
5896	7
5897	5
5898	4
5899	0
5900	10
5901	9
5902	21
5903	22
5904	5
5905	11
5906	11
5907	4
5908	10
5909	11
5910	7
5911	4
5912	7
5913	5
5914	1
5915	8
5916	8
5917	1
5918	5
5919	2
5920	2
5921	2
5922	10
5923	2
5924	4
5925	4
5926	4
5927	4
5928	4
5929	4
5930	1
5931	1
5932	3
5933	0
5934	0
5935	0
5936	0
5937	1
5938	0
5939	0
5940	4
5941	0
5942	0
5943	13
5944	0
5945	11
5946	9
5947	13
5948	5
5949	22
5950	22
5951	22
5952	22
5953	22
5954	11
5955	9
5956	0
5957	0
5958	0
5959	0
5960	0
5961	0
5962	0
5963	0
5964	0
5965	0
5966	0
5967	0
5968	0
5969	23
5970	7
5971	23
5972	0
5973	0
5974	0
5975	0
5976	11
5977	0
5978	0
5979	0
5980	0
5981	0
5982	10
5983	1
5984	5
5985	1
5986	2
5987	4
5988	5
5989	1
5990	2
5991	2
5992	13
5993	17
5994	5
5995	1
5996	0
5997	0
5998	1
5999	4
6000	10
6001	10
6002	3
6003	4
6004	2
6005	2
6006	2
6007	2
6008	2
6009	2
6010	2
6011	2
6012	2
6013	4
6014	4
6015	4
6016	1
6017	7
6018	0
6019	4
6020	4
6021	1
6022	4
6023	9
6024	5
6025	1
6026	5
6027	4
6028	2
6029	5
6030	5
6031	4
6032	5
6033	1
6034	5
6035	5
6036	5
6037	8
6038	4
6039	2
6040	9
6041	2
6042	5
6043	5
6044	5
6045	4
6046	5
6047	5
6048	5
6049	2
6050	2
6051	2
6052	4
6053	5
6054	4
6055	5
6056	5
6057	5
6058	9
6059	4
6060	5
6061	5
6062	5
6063	5
6064	5
6065	5
6066	5
6067	5
6068	1
6069	5
6070	5
6071	2
6072	8
6073	5
6074	17
6075	5
6076	4
6077	5
6078	4
6079	4
6080	5
6081	5
6082	10
6083	10
6084	4
6085	11
6086	3
6087	0
6088	0
6089	0
6090	1
6091	13
6092	7
6093	16
6094	10
6095	3
6096	5
6097	13
6098	13
6099	0
6100	18
6101	0
6102	23
6103	23
6104	0
6105	23
6106	23
6107	11
6108	23
6109	3
6110	1
6111	20
6112	9
6113	0
6114	0
6115	0
6116	0
6117	2
6118	4
6119	11
6120	2
6121	2
6122	2
6123	0
6124	3
6125	2
6126	2
6127	7
6128	1
6129	3
6130	3
6131	7
6132	2
6133	9
6134	0
6135	0
6136	2
6137	2
6138	9
6139	9
6140	2
6141	5
6142	10
6143	3
6144	4
6145	27
6146	8
6147	0
6148	0
6149	0
6150	0
6151	0
6152	0
6153	0
6154	0
6155	0
6156	0
6157	2
6158	2
6159	2
6160	23
6161	11
6162	15
6163	7
6164	0
6165	0
6166	9
6167	4
6168	0
6169	9
6170	7
6171	7
6172	7
6173	0
6174	0
6175	0
6176	0
6177	0
6178	0
6179	0
6180	0
6181	7
6182	0
6183	0
6184	0
6185	0
6186	0
6187	7
6188	0
6189	7
6190	0
6191	11
6192	11
6193	4
6194	15
6195	9
6196	9
6197	15
6198	9
6199	9
6200	3
6201	3
6202	0
6203	2
6204	4
6205	2
6206	1
6207	1
6208	1
6209	2
6210	4
6211	14
6212	0
6213	0
6214	22
6215	22
6216	9
6217	4
6218	7
6219	9
6220	9
6221	9
6222	2
6223	2
6224	8
6225	8
6226	9
6227	13
6228	2
6229	7
6230	2
6231	4
6232	8
6233	5
6234	12
6235	10
6236	2
6237	5
6238	5
6239	4
6240	5
6241	5
6242	2
6243	3
6244	2
6245	5
6246	9
6247	10
6248	0
6249	0
6250	7
6251	4
6252	23
6253	4
6254	0
6255	0
6256	8
6257	0
6258	2
6259	0
6260	0
6261	0
6262	0
6263	4
6264	9
6265	4
6266	8
6267	17
6268	17
6269	0
6270	5
6271	23
6272	10
6273	10
6274	15
6275	20
6276	1
6277	4
6278	4
6279	0
6280	0
6281	0
6282	0
6283	0
6284	0
6285	4
6286	0
6287	8
6288	0
6289	3
6290	15
6291	4
6292	20
6293	9
6294	27
6295	4
6296	2
6297	2
6298	2
6299	2
6300	13
6301	9
6302	2
6303	2
6304	2
6305	5
6306	5
6307	2
6308	5
6309	5
6310	22
6311	2
6312	2
6313	5
6314	5
6315	3
6316	3
6317	9
6318	2
6319	2
6320	9
6321	20
6322	2
6323	16
6324	9
6325	27
6326	18
6327	3
6328	11
6329	10
6330	3
6331	23
6332	23
6333	23
6334	0
6335	17
6336	23
6337	5
6338	0
6339	7
6340	3
6341	23
6342	13
6343	11
6344	4
6345	4
6346	4
6347	23
6348	0
6349	0
6350	0
6351	0
6352	0
6353	0
6354	0
6355	0
6356	0
6357	0
6358	0
6359	0
6360	0
6361	0
6362	0
6363	0
6364	9
6365	0
6366	0
6367	0
6368	0
6369	4
6370	0
6371	9
6372	27
6373	1
6374	0
6375	27
6376	5
6377	23
6378	23
6379	23
6380	4
6381	9
6382	23
6383	1
6384	23
6385	1
6386	23
6387	0
6388	3
6389	16
6390	8
6391	0
6392	14
6393	7
6394	4
6395	11
6396	11
6397	11
6398	4
6399	0
6400	1
6401	11
6402	11
6403	11
6404	11
6405	7
6406	17
6407	2
6408	10
6409	8
6410	13
6411	2
6412	2
6413	4
6414	4
6415	4
6416	2
6417	5
6418	7
6419	7
6420	7
6421	0
6422	2
6423	3
6424	0
6425	0
6426	5
6427	2
6428	22
6429	0
6430	2
6431	4
6432	5
6433	11
6434	4
6435	2
6436	22
6437	9
6438	17
6439	1
6440	8
6441	1
6442	18
6443	23
6444	0
6445	0
6446	15
6447	20
6448	0
6449	20
6450	0
6451	0
6452	0
6453	7
6454	23
6455	23
6456	23
6457	23
6458	0
6459	7
6460	3
6461	0
6462	5
6463	27
6464	2
6465	5
6466	5
6467	5
6468	5
6469	2
6470	2
6471	9
6472	7
6473	0
6474	7
6475	10
6476	9
6477	23
6478	4
6479	5
6480	0
6481	1
6482	0
6483	0
6484	3
6485	1
6486	1
6487	4
6488	22
6489	10
6490	10
6491	10
6492	11
6493	4
6494	2
6495	9
6496	4
6497	0
6498	0
6499	2
6500	20
6501	10
6502	5
6503	9
6504	2
6505	9
6506	9
6507	4
6508	5
6509	5
6510	22
6511	5
6512	27
6513	9
6514	1
6515	27
6516	7
6517	15
6518	1
6519	4
6520	16
6521	0
6522	1
6523	11
6524	4
6525	5
6526	4
6527	5
6528	5
6529	9
6530	17
6531	7
6532	5
6533	1
6534	17
6535	0
6536	0
6537	1
6538	1
6539	17
6540	23
6541	23
6542	23
6543	13
6544	13
6545	5
6546	9
6547	11
6548	7
6549	5
6550	9
6551	10
6552	10
6553	11
6554	20
6555	17
6556	5
6557	5
6558	5
6559	10
6560	12
6561	12
6562	22
6563	27
6564	5
6565	27
6566	22
6567	7
6568	9
6569	9
6570	17
6571	2
6572	11
6573	7
6574	9
6575	4
6576	9
6577	11
6578	23
6579	9
6580	9
6581	23
6582	0
6583	9
6584	7
6585	23
6586	23
6587	27
6588	23
6589	3
6590	0
6591	8
6592	1
6593	9
6594	9
6595	5
6596	15
6597	2
6598	2
6599	5
6600	0
6601	0
6602	0
6603	1
6604	1
6605	7
6606	7
6607	0
6608	0
6609	22
6610	13
6611	22
6612	15
6613	11
6614	9
6615	2
6616	5
6617	13
6618	9
6619	17
6620	2
6621	14
6622	5
6623	13
6624	18
6625	18
6626	0
6627	10
6628	4
6629	4
6630	2
6631	4
6632	27
6633	10
6634	20
6635	5
6636	23
6637	23
6638	0
6639	23
6640	9
6641	2
6642	8
6643	2
6644	1
6645	23
6646	15
6647	9
6648	0
6649	9
6650	0
6651	5
6652	23
6653	15
6654	3
6655	8
6656	11
6657	13
6658	21
6659	10
6660	27
6661	11
6662	13
6663	27
6664	11
6665	9
6666	9
6667	23
6668	1
6669	3
6670	1
6671	23
6672	9
6673	1
6674	1
6675	2
6676	16
6677	3
6678	1
6679	13
6680	9
6681	0
6682	2
6683	1
6684	2
6685	5
6686	2
6687	9
6688	0
6689	2
6690	2
6691	17
6692	5
6693	9
6694	2
6695	2
6696	2
6697	2
6698	5
6699	5
6700	2
6701	2
6702	2
6703	5
6704	13
6705	17
6706	0
6707	17
6708	10
6709	4
6710	3
6711	16
6712	0
6713	0
6714	16
6715	22
6716	11
6717	23
6718	4
6719	3
6720	9
6721	0
6722	4
6723	4
6724	9
6725	9
6726	27
6727	0
6728	1
6729	3
6730	3
6731	3
6732	2
6733	5
6734	5
6735	13
6736	2
6737	2
6738	11
6739	0
6740	0
6741	0
6742	18
6743	20
6744	2
6745	3
6746	3
6747	2
6748	17
6749	2
6750	17
6751	11
6752	5
6753	2
6754	2
6755	25
6756	4
6757	0
6758	22
6759	4
6760	22
6761	10
6762	9
6763	10
6764	22
6765	27
6766	2
6767	5
6768	2
6769	2
6770	9
6771	2
6772	1
6773	7
6774	1
6775	7
6776	16
6777	9
6778	1
6779	9
6780	4
6781	4
6782	1
6783	21
6784	4
6785	4
6786	4
6787	2
6788	2
6789	5
6790	17
6791	13
6792	13
6793	9
6794	3
6795	3
6796	11
6797	1
6798	0
6799	0
6800	9
6801	4
6802	23
6803	16
6804	2
6805	17
6806	2
6807	2
6808	1
6809	2
6810	2
6811	7
6812	2
6813	2
6814	7
6815	8
6816	1
6817	9
6818	4
6819	0
6820	0
6821	2
6822	9
6823	4
6824	0
6825	5
6826	8
6827	13
6828	11
6829	0
6830	9
6831	27
6832	17
6833	23
6834	12
6835	14
6836	1
6837	2
6838	2
6839	3
6840	5
6841	23
6842	23
6843	5
6844	23
6845	23
6846	0
6847	23
6848	5
6849	5
6850	10
6851	5
6852	3
6853	9
6854	9
6855	9
6856	3
6857	0
6858	16
6859	9
6860	9
6861	5
6862	15
6863	27
6864	22
6865	5
6866	5
6867	3
6868	11
6869	10
6870	13
6871	7
6872	5
6873	1
6874	4
6875	16
6876	5
6877	9
6878	16
6879	9
6880	17
6881	23
6882	4
6883	27
6884	4
6885	18
6886	4
6887	27
6888	4
6889	11
6890	17
6891	11
6892	11
6893	5
6894	14
6895	5
6896	5
6897	5
6898	16
6899	0
6900	0
6901	0
6902	0
6903	0
6904	1
6905	0
6906	2
6907	0
6908	14
6909	0
6910	14
6911	23
6912	3
6913	9
6914	17
6915	23
6916	2
6917	5
6918	8
6919	9
6920	1
6921	1
6922	3
6923	15
6924	8
6925	0
6926	3
6927	15
6928	2
6929	17
6930	17
6931	17
6932	7
6933	0
6934	2
6935	10
6936	7
6937	16
6938	20
6939	4
6940	11
6941	2
6942	8
6943	7
6944	7
6945	7
6946	20
6947	3
6948	7
6949	7
6950	7
6951	10
6952	7
6953	7
6954	18
6955	23
6956	11
6957	2
6958	0
6959	20
6960	2
6961	23
6962	4
6963	5
6964	5
6965	9
6966	0
6967	23
6968	5
6969	8
6970	9
6971	8
6972	7
6973	23
6974	11
6975	23
6976	7
6977	4
6978	4
6979	3
6980	23
6981	7
6982	0
6983	15
6984	0
6985	2
6986	9
6987	23
6988	0
6989	8
6990	13
6991	9
6992	5
6993	9
6994	15
6995	8
6996	9
6997	9
6998	0
6999	15
7000	11
7001	12
7002	12
7003	15
7004	9
7005	11
7006	2
7007	5
7008	0
7009	9
7010	1
7011	11
7012	0
7013	15
7014	13
7015	7
7016	8
7017	4
7018	27
7019	13
7020	2
7021	2
7022	9
7023	14
7024	0
7025	2
7026	11
7027	9
7028	5
7029	9
7030	4
7031	9
7032	0
7033	1
7034	5
7035	5
7036	17
7037	15
7038	8
7039	0
7040	15
7041	7
7042	0
7043	9
7044	4
7045	11
7046	1
7047	15
7048	15
7049	4
7050	7
7051	11
7052	7
7053	0
7054	11
7055	0
7056	4
7057	11
7058	14
7059	0
7060	15
7061	0
7062	7
7063	7
7064	7
7065	15
7066	22
7067	9
7068	0
7069	11
7070	11
7071	1
7072	1
7073	15
7074	11
7075	20
7076	0
7077	9
7078	15
7079	0
7080	0
7081	15
7082	9
7083	4
7084	23
7085	18
7086	17
7087	5
7088	9
7089	0
7090	0
7091	7
7092	0
7093	14
7094	0
7095	0
7096	0
7097	1
7098	10
7099	22
7100	22
7101	1
7102	7
7103	2
7104	21
7105	5
7106	11
7107	4
7108	7
7109	4
7110	5
7111	5
7112	1
7113	8
7114	9
7115	3
7116	2
7117	2
7118	2
7119	9
7120	4
7121	3
7122	9
7123	2
7124	2
7125	4
7126	5
7127	1
7128	5
7129	1
7130	5
7131	15
7132	15
7133	4
7134	3
7135	15
7136	4
7137	4
7138	15
7139	4
7140	4
7141	15
7142	27
7143	13
7144	13
7145	7
7146	20
7147	16
7148	5
7149	4
7150	4
7151	4
7152	17
7153	9
7154	27
7155	5
7156	15
7157	0
7158	16
7159	15
7160	0
7161	0
7162	7
7163	23
7164	9
7165	23
7166	23
7167	23
7168	9
7169	23
7170	3
7171	27
7172	2
7173	0
7174	3
7175	3
7176	23
7177	3
7178	0
7179	5
7180	11
7181	0
7182	17
7183	4
7184	23
7185	5
7186	10
7187	17
7188	7
7189	23
7190	21
7191	23
7192	11
7193	15
7194	7
7195	2
7196	2
7197	0
7198	0
7199	23
7200	8
7201	9
7202	27
7203	4
7204	15
7205	11
7206	2
7207	0
7208	7
7209	0
7210	7
7211	23
7212	0
7213	23
7214	0
7215	7
7216	10
7217	4
7218	27
7219	2
7220	5
7221	5
7222	5
7223	2
7224	8
7225	5
7226	7
7227	0
7228	4
7229	4
7230	1
7231	1
7232	3
7233	3
7234	3
7235	3
7236	3
7237	4
7238	4
7239	9
7240	9
7241	9
7242	4
7243	2
7244	11
7245	2
7246	9
7247	4
7248	18
7249	0
7250	0
7251	0
7252	0
7253	0
7254	0
7255	0
7256	0
7257	0
7258	0
7259	0
7260	0
7261	0
7262	20
7263	18
7264	23
7265	4
7266	4
7267	4
7268	5
7269	10
7270	7
7271	2
7272	13
7273	7
7274	13
7275	2
7276	11
7277	1
7278	7
7279	10
7280	2
7281	2
7282	16
7283	11
7284	13
7285	7
7286	2
7287	11
7288	21
7289	1
7290	7
7291	2
7292	4
7293	0
7294	13
7295	9
7296	11
7297	11
7298	11
7299	2
7300	11
7301	27
7302	2
7303	23
7304	9
7305	3
7306	5
7307	2
7308	2
7309	23
7310	2
7311	2
7312	11
7313	2
7314	0
7315	2
7316	20
7317	11
7318	10
7319	11
7320	9
7321	16
7322	2
7323	22
7324	4
7325	22
7326	11
7327	10
7328	8
7329	21
7330	2
7331	8
7332	23
7333	3
7334	5
7335	2
7336	12
7337	4
7338	20
7339	0
7340	0
7341	1
7342	1
7343	8
7344	2
7345	2
7346	2
7347	9
7348	2
7349	15
7350	2
7351	23
7352	1
7353	23
7354	9
7355	14
7356	11
7357	23
7358	1
7359	5
7360	5
7361	5
7362	1
7363	1
7364	5
7365	1
7366	21
7367	7
7368	1
7369	1
7370	3
7371	1
7372	0
7373	1
7374	0
7375	0
7376	3
7377	0
7378	0
7379	1
7380	7
7381	4
7382	2
7383	2
7384	1
7385	4
7386	8
7387	0
7388	9
7389	10
7390	4
7391	9
7392	8
7393	10
7394	8
7395	9
7396	5
7397	0
7398	0
7399	0
7400	0
7401	0
7402	0
7403	0
7404	0
7405	0
7406	0
7407	0
7408	0
7409	0
7410	0
7411	0
7412	1
7413	0
7414	4
7415	0
7416	0
7417	0
7418	0
7419	14
7420	11
7421	3
7422	8
7423	19
7424	3
7425	4
7426	4
7427	4
7428	9
7429	17
7430	3
7431	22
7432	3
7433	0
7434	11
7435	7
7436	5
7437	23
7438	23
7439	23
7440	23
7441	0
7442	27
7443	1
7444	1
7445	11
7446	23
7447	5
7448	7
7449	27
7450	16
7451	22
7452	2
7453	2
7454	2
7455	2
7456	1
7457	13
7458	22
7459	19
7460	4
7461	2
7462	8
7463	11
7464	1
7465	15
7466	22
7467	11
7468	0
7469	0
7470	11
7471	2
7472	0
7473	21
7474	5
7475	2
7476	5
7477	3
7478	2
7479	27
7480	27
7481	11
7482	1
7483	5
7484	2
7485	5
7486	4
7487	1
7488	5
7489	27
7490	2
7491	17
7492	1
7493	2
7494	2
7495	5
7496	2
7497	15
7498	2
7499	16
7500	0
7501	0
7502	0
7503	23
7504	23
7505	0
7506	5
7507	2
7508	13
7509	0
7510	0
7511	0
7512	9
7513	9
7514	9
7515	4
7516	7
7517	9
7518	4
7519	9
7520	9
7521	9
7522	9
7523	9
7524	9
7525	4
7526	9
7527	9
7528	4
7529	9
7530	11
7531	8
7532	20
7533	1
7534	1
7535	0
7536	0
7537	1
7538	23
7539	5
7540	5
7541	0
7542	0
7543	12
7544	2
7545	2
7546	12
7547	5
7548	2
7549	11
7550	0
7551	11
7552	22
7553	4
7554	2
7555	2
7556	18
7557	0
7558	0
7559	5
7560	9
7561	5
7562	4
7563	2
7564	10
7565	10
7566	22
7567	0
7568	0
7569	0
7570	0
7571	0
7572	0
7573	0
7574	0
7575	0
7576	0
7577	0
7578	0
7579	0
7580	0
7581	0
7582	0
7583	0
7584	0
7585	0
7586	0
7587	0
7588	0
7589	0
7590	0
7591	0
7592	0
7593	0
7594	0
7595	0
7596	0
7597	0
7598	0
7599	0
7600	0
7601	0
7602	5
7603	0
7604	7
7605	1
7606	0
7607	0
7608	0
7609	0
7610	0
7611	0
7612	14
7613	3
7614	3
7615	22
7616	3
7617	3
7618	23
7619	1
7620	4
7621	0
7622	0
7623	0
7624	0
7625	0
7626	23
7627	1
7628	0
7629	9
7630	11
7631	11
7632	4
7633	7
7634	5
7635	9
7636	11
7637	7
7638	3
7639	0
7640	7
7641	11
7642	11
7643	16
7644	2
7645	4
7646	4
7647	5
7648	20
7649	4
7650	5
7651	5
7652	5
7653	2
7654	2
7655	11
7656	5
7657	11
7658	5
7659	5
7660	9
7661	0
7662	15
7663	1
7664	23
7665	23
7666	12
7667	20
7668	20
7669	23
7670	23
7671	23
7672	0
7673	17
7674	5
7675	15
7676	13
7677	2
7678	11
7679	10
7680	27
7681	11
7682	4
7683	4
7684	10
7685	3
7686	13
7687	0
7688	1
7689	3
7690	2
7691	5
7692	21
7693	9
7694	9
7695	2
7696	23
7697	23
7698	7
7699	20
7700	4
7701	3
7702	0
7703	27
7704	13
7705	4
7706	1
7707	1
7708	2
7709	5
7710	2
7711	9
7712	3
7713	3
7714	0
7715	0
7716	0
7717	0
7718	8
7719	0
7720	0
7721	9
7722	9
7723	2
7724	13
7725	17
7726	1
7727	9
7728	1
7729	0
7730	7
7731	4
7732	0
7733	0
7734	0
7735	2
7736	15
7737	15
7738	4
7739	9
7740	7
7741	16
7742	9
7743	5
7744	1
7745	9
7746	1
7747	5
7748	1
7749	23
7750	15
7751	11
7752	23
7753	23
7754	2
7755	2
7756	22
7757	15
7758	1
7759	1
7760	1
7761	0
7762	5
7763	17
7764	5
7765	4
7766	16
7767	17
7768	18
7769	2
7770	9
7771	2
7772	20
7773	8
7774	15
7775	22
7776	0
7777	23
7778	2
7779	17
7780	0
7781	8
7782	2
7783	5
7784	1
7785	2
7786	2
7787	5
7788	2
7789	2
7790	11
7791	2
7792	2
7793	2
7794	2
7795	9
7796	5
7797	17
7798	0
7799	1
7800	1
7801	0
7802	5
7803	4
7804	5
7805	3
7806	8
7807	11
7808	2
7809	5
7810	1
7811	2
7812	10
7813	1
7814	2
7815	5
7816	5
7817	2
7818	2
7819	1
7820	17
7821	2
7822	2
7823	2
7824	2
7825	0
7826	22
7827	14
7828	8
7829	18
7830	8
7831	5
7832	27
7833	0
7834	23
7835	15
7836	2
7837	10
7838	11
7839	7
7840	10
7841	0
7842	17
7843	0
7844	23
7845	23
7846	23
7847	2
7848	0
7849	17
7850	9
7851	2
7852	22
7853	23
7854	4
7855	23
7856	17
7857	23
7858	8
7859	9
7860	0
7861	3
7862	1
7863	17
7864	17
7865	5
7866	2
7867	9
7868	0
7869	3
7870	3
7871	3
7872	3
7873	3
7874	9
7875	3
7876	3
7877	3
7878	0
7879	3
7880	7
7881	7
7882	7
7883	3
7884	3
7885	22
7886	0
7887	5
7888	2
7889	7
7890	3
7891	22
7892	3
7893	2
7894	15
7895	7
7896	18
7897	7
7898	0
7899	5
7900	11
7901	7
7902	0
7903	7
7904	9
7905	0
7906	8
7907	7
7908	16
7909	13
7910	0
7911	0
7912	8
7913	7
7914	0
7915	1
7916	0
7917	9
7918	2
7919	21
7920	13
7921	3
7922	11
7923	15
7924	12
7925	23
7926	26
7927	15
7928	9
7929	7
7930	11
7931	9
7932	11
7933	11
7934	0
7935	14
7936	4
7937	11
7938	12
7939	11
7940	11
7941	11
7942	20
7943	3
7944	3
7945	23
7946	17
7947	23
7948	0
7949	3
7950	23
7951	0
7952	23
7953	23
7954	2
7955	11
7956	2
7957	22
7958	22
7959	22
7960	4
7961	2
7962	13
7963	5
7964	10
7965	2
7966	11
7967	2
7968	4
7969	1
7970	2
7971	8
7972	2
7973	3
7974	27
7975	1
7976	4
7977	5
7978	9
7979	13
7980	8
7981	11
7982	20
7983	27
7984	27
7985	1
7986	10
7987	10
7988	27
7989	11
7990	27
7991	2
7992	2
7993	5
7994	4
7995	2
7996	4
7997	2
7998	2
7999	1
8000	5
8001	9
8002	1
8003	17
8004	11
8005	7
8006	9
8007	2
8008	3
8009	17
8010	3
8011	0
8012	1
8013	11
8014	9
8015	4
8016	11
8017	2
8018	2
8019	11
8020	20
8021	5
8022	5
8023	23
8024	8
8025	1
8026	11
8027	8
8028	0
8029	4
8030	7
8031	13
8032	2
8033	5
8034	13
8035	0
8036	9
8037	2
8038	23
8039	5
8040	23
8041	5
8042	4
8043	2
8044	5
8045	2
8046	3
8047	11
8048	13
8049	1
8050	12
8051	9
8052	13
8053	27
8054	15
8055	5
8056	11
8057	9
8058	5
8059	3
8060	0
8061	4
8062	21
8063	1
8064	1
8065	18
8066	1
8067	14
8068	0
8069	22
8070	1
8071	1
8072	1
8073	1
8074	0
8075	1
8076	11
8077	21
8078	7
8079	8
8080	22
8081	23
8082	9
8083	4
8084	5
8085	1
8086	16
8087	5
8088	9
8089	11
8090	23
8091	8
8092	15
8093	16
8094	9
8095	11
8096	22
8097	11
8098	3
8099	0
8100	22
8101	22
8102	0
8103	0
8104	0
8105	5
8106	4
8107	3
8108	23
8109	23
8110	17
8111	17
8112	17
8113	17
8114	16
8115	18
8116	0
8117	1
8118	8
8119	1
8120	5
8121	27
8122	22
8123	23
8124	0
8125	23
8126	4
8127	5
8128	15
8129	9
8130	1
8131	1
8132	1
8133	8
8134	9
8135	9
8136	0
8137	4
8138	4
8139	4
8140	22
8141	5
8142	5
8143	8
8144	13
8145	5
8146	22
8147	4
8148	4
8149	27
8150	13
8151	11
8152	4
8153	15
8154	12
8155	10
8156	0
8157	0
8158	23
8159	23
8160	23
8161	23
8162	23
8163	23
8164	23
8165	23
8166	9
8167	1
8168	0
8169	3
8170	0
8171	3
8172	3
8173	0
8174	0
8175	1
8176	3
8177	3
8178	3
8179	1
8180	4
8181	2
8182	2
8183	10
8184	17
8185	11
8186	11
8187	22
8188	13
8189	1
8190	11
8191	9
8192	5
8193	23
8194	9
8195	1
8196	5
8197	2
8198	2
8199	2
8200	13
8201	2
8202	16
8203	4
8204	18
8205	10
8206	23
8207	9
8208	22
8209	17
8210	3
8211	5
8212	4
8213	5
8214	2
8215	16
8216	0
8217	23
8218	17
8219	5
8220	23
8221	4
8222	4
8223	16
8224	0
8225	4
8226	0
8227	7
8228	23
8229	9
8230	7
8231	7
8232	7
8233	0
8234	0
8235	0
8236	0
8237	23
8238	0
8239	3
8240	0
8241	0
8242	18
8243	4
8244	0
8245	7
8246	0
8247	0
8248	0
8249	11
8250	0
8251	2
8252	8
8253	11
8254	7
8255	9
8256	23
8257	0
8258	0
8259	9
8260	11
8261	23
8262	13
8263	2
8264	8
8265	8
8266	9
8267	9
8268	2
8269	2
8270	2
8271	2
8272	3
8273	13
8274	2
8275	9
8276	9
8277	2
8278	2
8279	21
8280	8
8281	2
8282	2
8283	8
8284	2
8285	7
8286	12
8287	8
8288	2
8289	22
8290	2
8291	2
8292	7
8293	13
8294	0
8295	4
8296	14
8297	8
8298	11
8299	8
8300	7
8301	2
8302	2
8303	10
8304	13
8305	12
8306	21
8307	10
8308	2
8309	11
8310	13
8311	0
8312	11
8313	0
8314	16
8315	27
8316	27
8317	11
8318	23
8319	15
8320	0
8321	2
8322	15
8323	17
8324	23
8325	4
8326	11
8327	1
8328	1
8329	10
8330	1
8331	0
8332	0
8333	7
8334	7
8335	11
8336	0
8337	0
8338	3
8339	0
8340	0
8341	0
8342	0
8343	0
8344	0
8345	0
8346	0
8347	3
8348	0
8349	0
8350	0
8351	0
8352	0
8353	0
8354	3
8355	3
8356	3
8357	3
8358	3
8359	1
8360	3
8361	3
8362	0
8363	4
8364	5
8365	4
8366	7
8367	4
8368	15
8369	17
8370	12
8371	2
8372	20
8373	3
8374	15
8375	20
8376	20
8377	23
8378	23
8379	4
8380	5
8381	15
8382	18
8383	6
8384	20
8385	20
8386	20
8387	23
8388	9
8389	7
8390	12
8391	7
8392	23
8393	9
8394	2
8395	20
8396	23
8397	20
8398	20
8399	11
8400	20
8401	15
8402	23
8403	7
8404	7
8405	16
8406	7
8407	9
8408	4
8409	7
8410	7
8411	10
8412	3
8413	12
8414	4
8415	7
8416	5
8417	17
8418	12
8419	15
8420	11
8421	23
8422	3
8423	7
8424	23
8425	22
8426	22
8427	12
8428	7
8429	7
8430	20
8431	9
8432	9
8433	9
8434	12
8435	17
8436	11
8437	7
8438	20
8439	11
8440	0
8441	12
8442	11
8443	9
8444	4
8445	11
8446	9
8447	23
8448	3
8449	9
8450	0
8451	0
8452	23
8453	23
8454	7
8455	11
8456	11
8457	2
8458	9
8459	9
8460	12
8461	11
8462	4
8463	4
8464	4
8465	4
8466	4
8467	9
8468	9
8469	0
8470	4
8471	9
8472	9
8473	23
8474	11
8475	4
8476	11
8477	7
8478	7
8479	12
8480	11
8481	11
8482	11
8483	4
8484	23
8485	22
8486	11
8487	4
8488	11
8489	11
8490	11
8491	9
8492	9
8493	20
8494	15
8495	4
8496	21
8497	9
8498	9
8499	9
8500	9
8501	9
8502	9
8503	9
8504	0
8505	2
8506	9
8507	9
8508	9
8509	9
8510	9
8511	17
8512	9
8513	11
8514	15
8515	11
8516	2
8517	17
8518	9
8519	7
8520	9
8521	9
8522	9
8523	9
8524	4
8525	1
8526	23
8527	10
8528	11
8529	11
8530	15
8531	4
8532	14
8533	14
8534	15
8535	14
8536	7
8537	0
8538	0
8539	1
8540	21
8541	2
8542	2
8543	17
8544	15
8545	4
8546	8
8547	0
8548	0
8549	0
8550	0
8551	0
8552	0
8553	0
8554	0
8555	17
8556	9
8557	16
8558	9
8559	4
8560	0
8561	15
8562	2
8563	11
8564	11
8565	17
8566	12
8567	3
8568	3
8569	3
8570	3
8571	3
8572	3
8573	3
8574	3
8575	22
8576	23
8577	23
8578	4
8579	2
8580	14
8581	0
8582	0
8583	9
8584	1
8585	4
8586	4
8587	1
8588	7
8589	1
8590	2
8591	27
8592	6
8593	17
8594	2
8595	23
8596	15
8597	22
8598	1
8599	1
8600	1
8601	1
8602	15
8603	11
8604	11
8605	4
8606	17
8607	23
8608	17
8609	0
8610	1
8611	3
8612	8
8613	4
8614	4
8615	11
8616	4
8617	0
8618	7
8619	11
8620	7
8621	1
8622	15
8623	22
8624	10
8625	9
8626	9
8627	4
8628	0
8629	11
8630	14
8631	1
8632	15
8633	11
8634	1
8635	1
8636	1
8637	1
8638	1
8639	1
8640	27
8641	11
8642	23
8643	10
8644	2
8645	2
8646	1
8647	22
8648	15
8649	0
8650	0
8651	5
8652	7
8653	23
8654	11
8655	0
8656	9
8657	7
8658	9
8659	3
8660	14
8661	7
8662	3
8663	0
8664	0
8665	4
8666	5
8667	2
8668	0
8669	8
8670	7
8671	2
8672	4
8673	7
8674	15
8675	15
8676	8
8677	9
8678	12
8679	11
8680	9
8681	23
8682	11
8683	11
8684	12
8685	20
8686	12
8687	7
8688	9
8689	3
8690	9
8691	14
8692	17
8693	3
8694	8
8695	0
8696	17
8697	3
8698	0
8699	11
8700	0
8701	17
8702	1
8703	20
8704	15
8705	23
8706	2
8707	0
8708	2
8709	16
8710	5
8711	5
8712	18
8713	4
8714	0
8715	10
8716	0
8717	20
8718	0
8719	7
8720	11
8721	0
8722	7
8723	4
8724	16
8725	3
8726	2
8727	11
8728	7
8729	11
8730	2
8731	3
8732	13
8733	9
8734	5
8735	11
8736	7
8737	4
8738	0
8739	1
8740	1
8741	1
8742	1
8743	1
8744	1
8745	2
8746	4
8747	4
8748	4
8749	4
8750	3
8751	4
8752	11
8753	0
8754	3
8755	3
8756	3
8757	3
8758	3
8759	3
8760	9
8761	3
8762	3
8763	23
8764	3
8765	3
8766	23
8767	23
8768	23
8769	23
8770	23
8771	3
8772	23
8773	0
8774	1
8775	7
8776	1
8777	23
8778	1
8779	0
8780	23
8781	1
8782	23
8783	23
8784	23
8785	23
8786	23
8787	23
8788	0
8789	9
8790	0
8791	9
8792	5
8793	16
8794	6
8795	2
8796	23
8797	23
8798	9
8799	1
8800	7
8801	4
8802	5
8803	4
8804	2
8805	11
8806	9
8807	23
8808	3
8809	9
8810	3
8811	27
8812	9
8813	3
8814	7
8815	7
8816	2
8817	10
8818	23
8819	23
8820	0
8821	9
8822	18
8823	23
8824	23
8825	23
8826	11
8827	11
8828	11
8829	12
8830	12
8831	12
8832	12
8833	12
8834	12
8835	9
8836	1
8837	23
8838	23
8839	23
8840	23
8841	23
8842	23
8843	0
8844	0
8845	0
8846	17
8847	17
8848	5
8849	5
8850	2
8851	2
8852	5
8853	5
8854	3
8855	10
8856	7
8857	16
8858	21
8859	17
8860	20
8861	20
8862	23
8863	3
8864	0
8865	2
8866	2
8867	17
8868	23
8869	0
8870	0
8871	10
8872	17
8873	20
8874	2
8875	18
8876	11
8877	21
8878	21
8879	9
8880	8
8881	14
8882	1
8883	1
8884	1
8885	23
8886	23
8887	9
8888	9
8889	11
8890	1
8891	15
8892	3
8893	22
8894	5
8895	1
8896	11
8897	11
8898	11
8899	9
8900	5
8901	1
8902	16
8903	11
8904	11
8905	16
8906	2
8907	8
8908	10
8909	5
8910	2
8911	2
8912	13
8913	2
8914	9
8915	4
8916	1
8917	9
8918	0
8919	10
8920	10
8921	11
8922	2
8923	9
8924	5
8925	2
8926	11
8927	2
8928	17
8929	8
8930	8
8931	7
8932	4
8933	21
8934	18
8935	23
8936	23
8937	8
8938	16
8939	20
8940	4
8941	3
8942	1
8943	2
8944	23
8945	23
8946	13
8947	2
8948	2
8949	5
8950	23
8951	1
8952	5
8953	4
8954	17
8955	5
8956	13
8957	9
8958	7
8959	22
8960	1
8961	14
8962	1
8963	4
8964	4
8965	0
8966	0
8967	4
8968	11
8969	8
8970	8
8971	11
8972	3
8973	0
8974	8
8975	9
8976	14
8977	1
8978	27
8979	1
8980	11
8981	5
8982	4
8983	4
8984	2
8985	4
8986	4
8987	21
8988	13
8989	11
8990	0
8991	0
8992	7
8993	3
8994	8
8995	18
8996	22
8997	2
8998	2
8999	1
9000	26
9001	11
9002	27
9003	18
9004	10
9005	4
9006	22
9007	0
9008	5
9009	1
9010	4
9011	4
9012	9
9013	1
9014	2
9015	11
9016	11
9017	11
9018	4
9019	10
9020	9
9021	9
9022	5
9023	0
9024	22
9025	9
9026	7
9027	0
9028	13
9029	4
9030	2
9031	5
9032	11
9033	7
9034	12
9035	7
9036	7
9037	3
9038	17
9039	18
9040	2
9041	9
9042	11
9043	2
9044	11
9045	9
9046	9
9047	5
9048	5
9049	5
9050	5
9051	13
9052	5
9053	5
9054	1
9055	7
9056	11
9057	10
9058	4
9059	11
9060	11
9061	11
9062	11
9063	11
9064	11
9065	11
9066	11
9067	11
9068	7
9069	11
9070	4
9071	2
9072	22
9073	7
9074	11
9075	15
9076	12
9077	1
9078	7
9079	12
9080	23
9081	4
9082	2
9083	2
9084	0
9085	3
9086	12
9087	12
9088	20
9089	4
9090	4
9091	1
9092	1
9093	23
9094	23
9095	2
9096	5
9097	5
9098	23
9099	8
9100	20
9101	9
9102	13
9103	9
9104	4
9105	13
9106	15
9107	0
9108	2
9109	27
9110	2
9111	23
9112	12
9113	9
9114	23
9115	11
9116	11
9117	2
9118	8
9119	16
9120	9
9121	17
9122	2
9123	9
9124	1
9125	16
9126	7
9127	2
9128	0
9129	23
9130	9
9131	8
9132	0
9133	0
9134	14
9135	9
9136	21
9137	5
9138	17
9139	0
9140	11
9141	10
9142	9
9143	7
9144	0
9145	1
9146	0
9147	2
9148	2
9149	4
9150	11
9151	3
9152	0
9153	7
9154	0
9155	7
9156	8
9157	4
9158	11
9159	3
9160	1
9161	20
9162	4
9163	10
9164	23
9165	7
9166	11
9167	11
9168	11
9169	3
9170	2
9171	11
9172	2
9173	11
9174	8
9175	0
9176	5
9177	0
9178	23
9179	4
9180	23
9181	1
9182	27
9183	1
9184	9
9185	3
9186	7
9187	16
9188	22
9189	4
9190	23
9191	22
9192	15
9193	7
9194	23
9195	16
9196	7
9197	23
9198	20
9199	18
9200	9
9201	11
9202	5
9203	0
9204	5
9205	9
9206	3
9207	0
9208	11
9209	5
9210	11
9211	21
9212	2
9213	2
9214	22
9215	4
9216	18
9217	11
9218	4
9219	1
9220	27
9221	13
9222	23
9223	23
9224	17
9225	2
9226	4
9227	13
9228	23
9229	23
9230	5
9231	2
9232	17
9233	4
9234	4
9235	13
9236	11
9237	10
9238	23
9239	7
9240	10
9241	11
9242	4
9243	4
9244	0
9245	3
9246	17
9247	4
9248	1
9249	4
9250	0
9251	0
9252	1
9253	5
9254	0
9255	4
9256	17
9257	17
9258	22
9259	23
9260	3
9261	11
9262	2
9263	2
9264	4
9265	1
9266	3
9267	20
9268	1
9269	3
9270	9
9271	9
9272	9
9273	5
9274	23
9275	0
9276	11
9277	27
9278	2
9279	2
9280	17
9281	0
9282	0
9283	0
9284	0
9285	17
9286	18
9287	16
9288	7
9289	1
9290	4
9291	4
9292	0
9293	9
9294	23
9295	27
9296	27
9297	2
9298	0
9299	0
9300	0
9301	11
9302	5
9303	3
9304	3
9305	22
9306	17
9307	22
9308	13
9309	7
9310	9
9311	16
9312	22
9313	2
9314	14
9315	4
9316	7
9317	2
9318	11
9319	5
9320	8
9321	7
9322	1
9323	2
9324	7
9325	22
9326	15
9327	17
9328	7
9329	4
9330	1
9331	7
9332	23
9333	23
9334	15
9335	7
9336	9
9337	7
9338	20
9339	3
9340	7
9341	17
9342	17
9343	15
9344	5
9345	11
9346	9
9347	22
9348	2
9349	14
9350	4
9351	15
9352	2
9353	9
9354	23
9355	5
9356	0
9357	5
9358	4
9359	2
9360	0
9361	2
9362	2
9363	9
9364	0
9365	7
9366	4
9367	27
9368	14
9369	3
9370	11
9371	27
9372	20
9373	11
9374	20
9375	2
9376	4
9377	4
9378	11
9379	15
9380	18
9381	2
9382	5
9383	9
9384	27
9385	9
9386	10
9387	4
9388	15
9389	13
9390	9
9391	2
9392	4
9393	2
9394	11
9395	14
9396	7
9397	2
9398	11
9399	12
9400	15
9401	11
9402	12
9403	8
9404	23
9405	2
9406	13
9407	0
9408	21
9409	1
9410	1
9411	2
9412	2
9413	2
9414	9
9415	4
9416	9
9417	27
9418	23
9419	7
9420	17
9421	14
9422	23
9423	3
9424	3
9425	11
9426	14
9427	11
9428	10
9429	2
9430	2
9431	2
9432	2
9433	23
9434	0
9435	7
9436	1
9437	4
9438	1
9439	1
9440	20
9441	16
9442	3
9443	3
9444	17
9445	23
9446	17
9447	0
9448	1
9449	23
9450	2
9451	23
9452	4
9453	5
9454	22
9455	0
9456	5
9457	9
9458	23
9459	0
9460	4
9461	15
9462	4
9463	14
9464	4
9465	27
9466	21
9467	27
9468	23
9469	23
9470	23
9471	23
9472	23
9473	23
9474	23
9475	23
9476	23
9477	5
9478	2
9479	20
9480	2
9481	22
9482	23
9483	23
9484	17
9485	3
9486	17
9487	2
9488	1
9489	9
9490	27
9491	7
9492	27
9493	23
9494	9
9495	15
9496	11
9497	0
9498	12
9499	2
9500	12
9501	11
9502	12
9503	12
9504	11
9505	12
9506	11
9507	11
9508	27
9509	4
9510	12
9511	4
9512	12
9513	12
9514	11
9515	12
9516	9
9517	13
9518	10
9519	9
9520	7
9521	3
9522	11
9523	9
9524	7
9525	7
9526	7
9527	7
9528	4
9529	12
9530	4
9531	23
9532	9
9533	23
9534	12
9535	0
9536	4
9537	4
9538	23
9539	23
9540	9
9541	23
9542	23
9543	9
9544	23
9545	8
9546	2
9547	18
9548	20
9549	0
9550	9
9551	0
9552	23
9553	3
9554	0
9555	8
9556	5
9557	18
9558	20
9559	4
9560	9
9561	17
9562	0
9563	21
9564	7
9565	3
9566	5
9567	20
9568	20
9569	3
9570	0
9571	0
9572	0
9573	3
9574	3
9575	7
9576	3
9577	7
9578	3
9579	0
9580	7
9581	22
9582	9
9583	23
9584	7
9585	17
9586	2
9587	7
9588	0
9589	7
9590	11
9591	1
9592	12
9593	3
9594	14
9595	13
9596	11
9597	17
9598	11
9599	27
9600	23
9601	9
9602	16
9603	9
9604	0
9605	11
9606	7
9607	0
9608	7
9609	3
9610	23
9611	11
9612	0
9613	8
9614	4
9615	4
9616	23
9617	11
9618	23
9619	9
9620	8
9621	1
9622	23
9623	15
9624	4
9625	4
9626	11
9627	5
9628	22
9629	22
9630	2
9631	22
9632	22
9633	9
9634	9
9635	0
9636	0
9637	23
9638	2
9639	9
9640	3
9641	9
9642	12
9643	12
9644	7
9645	7
9646	8
9647	7
9648	11
9649	17
9650	2
9651	2
9652	10
9653	11
9654	17
9655	20
9656	11
9657	7
9658	21
9659	5
9660	7
9661	11
9662	4
9663	7
9664	0
9665	4
9666	1
9667	23
9668	0
9669	23
9670	23
9671	23
9672	23
9673	3
9674	21
9675	22
9676	9
9677	23
9678	4
9679	0
9680	20
9681	7
9682	1
9683	3
9684	23
9685	9
9686	0
9687	3
9688	23
9689	23
9690	9
9691	23
9692	9
9693	1
9694	20
9695	27
9696	27
9697	10
9698	23
9699	0
9700	4
9701	10
9702	11
9703	27
9704	17
9705	0
9706	27
9707	7
9708	0
9709	7
9710	23
9711	23
9712	23
9713	14
9714	23
9715	7
9716	2
9717	1
9718	16
9719	18
9720	11
9721	0
9722	18
9723	2
9724	11
9725	11
9726	11
9727	23
9728	2
9729	7
9730	2
9731	27
9732	20
9733	7
9734	2
9735	23
9736	20
9737	2
9738	2
9739	4
9740	7
9741	7
9742	7
9743	7
9744	22
9745	23
9746	23
9747	23
9748	0
9749	5
9750	11
9751	7
9752	7
9753	0
9754	10
9755	17
9756	1
9757	18
9758	11
9759	0
9760	0
9761	3
9762	3
9763	7
9764	1
9765	10
9766	16
9767	2
9768	23
9769	2
9770	1
9771	0
9772	11
9773	10
9774	23
9775	14
9776	2
9777	11
9778	23
9779	23
9780	2
9781	11
9782	5
9783	13
9784	17
9785	7
9786	15
9787	15
9788	1
9789	23
9790	23
9791	23
9792	23
9793	23
9794	23
9795	23
9796	23
9797	23
9798	23
9799	7
9800	12
9801	11
9802	7
9803	7
9804	4
9805	23
9806	7
9807	23
9808	7
9809	0
9810	0
9811	0
9812	23
9813	3
9814	3
9815	23
9816	23
9817	17
9818	23
9819	0
9820	5
9821	23
9822	0
9823	23
9824	23
9825	7
9826	1
9827	9
9828	2
9829	0
9830	0
9831	3
9832	7
9833	3
9834	5
9835	1
9836	7
9837	7
9838	9
9839	23
9840	23
9841	4
9842	21
9843	20
9844	5
9845	5
9846	5
9847	5
9848	1
9849	1
9850	1
9851	23
9852	12
9853	7
9854	11
9855	11
9856	12
9857	9
9858	10
9859	23
9860	11
9861	1
9862	3
9863	3
9864	22
9865	1
9866	9
9867	2
9868	5
9869	7
9870	11
9871	7
9872	0
9873	11
9874	0
9875	11
9876	17
9877	22
9878	5
9879	22
9880	11
9881	2
9882	2
9883	2
9884	14
9885	7
9886	0
9887	2
9888	4
9889	21
9890	3
9891	7
9892	22
9893	5
9894	5
9895	3
9896	27
9897	9
9898	7
9899	1
9900	9
9901	11
9902	7
9903	11
9904	7
9905	11
9906	11
9907	11
9908	4
9909	0
9910	22
9911	8
9912	9
9913	3
9914	11
9915	21
9916	11
9917	13
9918	5
9919	5
9920	5
9921	5
9922	4
9923	2
9924	17
9925	15
9926	22
9927	27
9928	5
9929	27
9930	9
9931	2
9932	2
9933	5
9934	5
9935	9
9936	23
9937	23
9938	5
9939	23
9940	23
9941	23
9942	23
9943	2
9944	2
9945	2
9946	5
9947	5
9948	2
9949	13
9950	14
9951	0
9952	3
9953	7
9954	13
9955	9
9956	7
9957	3
9958	3
9959	3
9960	11
9961	3
9962	3
9963	9
9964	4
9965	8
9966	2
9967	1
9968	2
9969	7
9970	7
9971	11
9972	20
9973	4
9974	2
9975	16
9976	9
9977	17
9978	5
9979	23
9980	4
9981	12
9982	7
9983	3
9984	3
9985	11
9986	3
9987	11
9988	10
9989	7
9990	7
9991	12
9992	7
9993	9
9994	18
9995	11
9996	7
9997	9
9998	7
9999	7
10000	23
10001	4
10002	11
10003	23
10004	4
10005	11
10006	4
10007	7
10008	7
10009	7
10010	7
10011	1
10012	14
10013	4
10014	12
10015	15
10016	15
10017	4
10018	11
10019	3
10020	0
10021	7
10022	4
10023	9
10024	0
10025	23
10026	23
10027	4
10028	11
10029	20
10030	11
10031	0
10032	1
10033	1
10034	3
10035	3
10036	3
10037	4
10038	8
10039	11
10040	11
10041	11
10042	11
10043	4
10044	3
10045	2
10046	13
10047	11
10048	4
10049	18
10050	16
10051	11
10052	11
10053	16
10054	10
10055	12
10056	7
10057	10
10058	10
10059	10
10060	11
10061	0
10062	7
10063	7
10064	12
10065	17
10066	4
10067	15
10068	11
10069	11
10070	11
10071	18
10072	11
10073	9
10074	0
10075	7
10076	11
10077	23
10078	7
10079	23
10080	23
10081	0
10082	0
10083	3
10084	11
10085	7
10086	11
10087	17
10088	11
10089	11
10090	9
10091	13
10092	7
10093	4
10094	2
10095	11
10096	3
10097	11
10098	27
10099	4
10100	11
10101	11
10102	0
10103	11
10104	12
10105	17
10106	2
10107	7
10108	15
10109	15
10110	23
10111	11
10112	7
10113	0
10114	13
10115	27
10116	2
10117	9
10118	9
10119	20
10120	27
10121	20
10122	7
10123	20
10124	11
10125	11
10126	18
10127	7
10128	11
10129	23
10130	15
10131	3
10132	7
10133	7
10134	11
10135	11
10136	11
10137	7
10138	11
10139	7
10140	3
10141	11
10142	2
10143	2
10144	2
10145	22
10146	23
10147	23
10148	0
10149	10
10150	0
10151	11
10152	23
10153	11
10154	23
10155	23
10156	27
10157	13
10158	9
10159	10
10160	11
10161	23
10162	8
10163	7
10164	27
10165	11
10166	3
10167	11
10168	11
10169	9
10170	3
10171	2
10172	7
10173	11
10174	22
10175	17
10176	11
10177	23
10178	23
10179	2
10180	21
10181	22
10182	7
10183	27
10184	23
10185	0
10186	7
10187	2
10188	11
10189	7
10190	11
10191	0
10192	18
10193	0
10194	3
10195	0
10196	0
10197	7
10198	2
10199	23
10200	2
10201	11
10202	11
10203	7
10204	20
10205	23
10206	20
10207	3
10208	4
10209	0
10210	2
10211	21
10212	2
10213	22
10214	0
10215	0
10216	4
10217	27
10218	4
10219	7
10220	11
10221	13
10222	9
10223	9
10224	23
10225	23
10226	23
10227	23
10228	11
10229	12
10230	7
10231	15
10232	20
10233	4
10234	11
10235	2
10236	23
10237	23
10238	12
10239	20
10240	8
10241	7
10242	13
10243	2
10244	2
10245	2
10246	2
10247	2
10248	23
10249	23
10250	8
10251	2
10252	7
10253	11
10254	2
10255	9
10256	21
10257	7
10258	11
10259	0
10260	22
10261	4
10262	2
10263	16
10264	2
10265	23
10266	1
10267	9
10268	7
10269	3
10270	7
10271	0
10272	0
10273	7
10274	4
10275	7
10276	4
10277	23
10278	8
10279	23
10280	23
10281	3
10282	2
10283	10
10284	1
10285	4
10286	23
10287	11
10288	11
10289	2
10290	3
10291	3
10292	9
10293	23
10294	4
10295	9
10296	23
10297	9
10298	9
10299	23
10300	23
10301	23
10302	23
10303	2
10304	7
10305	9
10306	3
10307	22
10308	2
10309	2
10310	11
10311	7
10312	11
10313	11
10314	3
10315	0
10316	1
10317	23
10318	23
10319	7
10320	7
10321	2
10322	11
10323	3
10324	4
10325	11
10326	7
10327	0
10328	10
10329	7
10330	11
10331	11
10332	23
10333	7
10334	7
10335	3
10336	2
10337	11
10338	17
10339	3
10340	16
10341	13
10342	23
10343	23
10344	3
10345	3
10346	23
10347	23
10348	17
10349	11
10350	11
10351	23
10352	3
10353	15
10354	2
10355	7
10356	7
10357	11
10358	7
10359	9
10360	7
10361	9
10362	18
10363	11
10364	0
10365	11
10366	11
10367	11
10368	11
10369	11
10370	9
10371	9
10372	23
10373	11
10374	11
10375	0
10376	4
10377	4
10378	0
10379	22
10380	7
10381	3
10382	3
10383	12
10384	20
10385	4
10386	7
10387	7
10388	3
10389	1
10390	1
10391	2
10392	7
10393	8
10394	9
10395	11
10396	23
10397	11
10398	8
10399	20
10400	12
10401	11
10402	7
10403	20
10404	11
10405	11
10406	1
10407	11
10408	11
10409	11
10410	7
10411	4
10412	27
10413	11
10414	4
10415	5
10416	23
10417	11
10418	11
10419	23
10420	11
10421	13
10422	7
10423	7
10424	4
10425	7
10426	7
10427	10
10428	8
10429	3
10430	7
10431	20
10432	7
10433	17
10434	7
10435	0
10436	11
10437	7
10438	9
10439	4
10440	12
10441	11
10442	23
10443	11
10444	11
10445	11
10446	17
10447	11
10448	11
10449	9
10450	0
10451	9
10452	11
10453	2
10454	2
10455	23
10456	1
10457	1
10458	22
10459	7
10460	7
10461	12
10462	7
10463	11
10464	11
10465	9
10466	27
10467	23
10468	23
10469	2
10470	7
10471	7
10472	2
10473	23
10474	11
10475	3
10476	2
10477	0
10478	7
10479	0
10480	7
10481	7
10482	3
10483	7
10484	7
10485	23
10486	10
10487	11
10488	11
10489	4
10490	11
10491	20
10492	7
10493	7
10494	11
10495	7
10496	21
10497	23
10498	12
10499	1
10500	23
10501	23
10502	9
10503	14
10504	22
10505	23
10506	23
10507	7
10508	11
10509	11
10510	23
10511	27
10512	10
10513	8
10514	7
10515	0
10516	3
10517	11
10518	12
10519	9
10520	7
10521	11
10522	9
10523	9
10524	7
10525	23
10526	3
10527	23
10528	20
10529	7
10530	14
10531	17
10532	22
10533	11
10534	11
10535	7
10536	11
10537	2
10538	23
10539	23
10540	3
10541	3
10542	9
10543	23
10544	11
10545	23
10546	7
10547	15
10548	0
10549	23
10550	4
10551	11
10552	3
10553	0
10554	22
10555	11
10556	4
10557	0
10558	23
10559	15
10560	4
10561	11
10562	23
10563	16
10564	23
10565	20
10566	23
10567	23
10568	0
10569	0
10570	11
10571	18
10572	27
10573	2
10574	5
10575	3
10576	3
10577	7
10578	3
10579	9
10580	7
10581	20
10582	9
10583	21
10584	12
10585	3
10586	3
10587	27
10588	2
10589	11
10590	2
10591	9
10592	0
10593	3
10594	3
10595	7
10596	23
10597	3
10598	17
10599	18
10600	17
10601	2
10602	23
10603	21
10604	23
10605	0
10606	0
10607	1
10608	23
10609	23
10610	23
10611	17
10612	17
10613	21
10614	18
10615	23
10616	22
10617	9
10618	2
10619	0
10620	2
10621	1
10622	23
10623	3
10624	10
10625	23
10626	23
10627	22
10628	23
10629	23
10630	3
10631	2
10632	7
10633	11
10634	23
10635	8
10636	7
10637	3
10638	15
10639	20
10640	15
10641	23
10642	23
10643	9
10644	23
10645	23
10646	9
10647	3
10648	2
10649	23
10650	12
10651	9
10652	7
10653	3
10654	1
10655	7
10656	20
10657	7
10658	15
10659	7
10660	17
10661	11
10662	7
10663	9
10664	3
10665	3
10666	7
10667	7
10668	23
10669	23
10670	4
10671	2
10672	2
10673	2
10674	11
10675	15
10676	20
10677	23
10678	0
10679	17
10680	7
10681	23
10682	23
10683	23
10684	23
10685	23
10686	17
10687	13
10688	23
10689	0
10690	9
10691	0
10692	11
10693	23
10694	0
10695	23
10696	18
10697	11
10698	11
10699	17
10700	3
10701	7
10702	7
10703	3
10704	11
10705	23
10706	23
10707	3
10708	7
10709	16
10710	23
10711	12
10712	18
10713	15
10714	12
10715	20
10716	3
10717	7
10718	3
10719	23
10720	11
10721	11
10722	9
10723	7
